918,540,1088,247,715,211,589,315,370,273,787,295,380,694,367,670,306,596,616,2182,312,1245,344,168,621,525,554,715,548,392,436,478,274,196,508,357,384,731,943,457,898,763,1076,1496,526,373,386,851,511,951,362,414,364,618,281,259,648,457,747,466,572,178,995,401,665,466,439,257,598,637,393,198,229,465,1550,399,705,466,351,389,341,199,432,384,880,351,557,731,808,228,463,514,337,402,494,246,236,443,473,1140,810,169,507,772,614,580,202,312,324,565,1468,712,164,216,701,201,287,399,281,188
390,395,1769,65,512,124,158,122,349,143,431,141,307,140,461,1594,490,106,456,316,180,603,370,204,109,301,668,232,571,253,100,127,133,65,313,379,57,87,853,876,581,750,572,55,193,603,161,371,422,68,448,651,221,166,519,1181,192,310,221,101,261,303,121,64,642,393,361,688,465,282,206,515,449,798,512,61,694,131,847,188,183,228,75,62,299,204,725,393,661,483,211,568,492,726,425,301,707,490,182,580,678,713,508,782,481,584,46,49,65,1022,129,596,206,463,815,1867,184,932,356,207
922,1261,1312,814,1390,670,1286,2455,1311,1133,842,763,2354,1072,1716,1667,853,2072,1933,1406,1271,1482,759,1033,1168,2158,1799,1130,1349,1144,802,3016,879,717,703,510,2846,881,1158,1475,760,1459,2101,1393,1392,1430,844,2125,2627,1826,1330,1328,1082,1981,1081,1545,967,701,943,744,1783,1135,838,3442,1162,1337,1243,2689,1097,1227,1030,1206,2756,795,1863,3517,1369,952,1336,3244,667,1503,1049,629,801,1311,1441,1458,1330,558,1807,3455,1113,1092,1287,657,1178,1106,1219,2113,1727,1131,2068,1245,1088,1497,791,822,931,1714,1643,3110,733,1328,1231,1660,705,920,813,931
1459,789,1141,2342,815,486,1156,1275,1092,556,843,351,922,760,937,451,1211,496,705,703,496,1499,607,636,1697,1445,1512,983,1302,857,818,410,382,816,571,1296,386,855,865,1195,833,1244,441,494,640,494,990,408,926,1068,1113,925,742,1334,941,818,768,173,844,1121,401,1283,759,768,1661,464,1066,949,502,593,960,1714,1228,1148,1233,890,1616,643,616,1560,645,379,2067,810,1018,1541,1101,930,493,1205,708,1283,776,1032,1000,935,887,904,794,594,636,1002,1507,952,566,369,1513,1015,868,643,953,1270,842,424,1681,615,1971
626,1612,933,499,702,365,1391,525,245,333,465,282,534,279,822,145,1783,636,708,394,249,507,159,674,549,739,635,972,450,738,540,384,239,329,210,906,170,1083,615,1194,375,746,254,471,1468,420,736,1478,663,484,470,666,300,416,327,211,184,501,342,143,427,497,595,339,392,354,209,166,1365,1107,393,528,1223,148,788,463,412,628,341,1873,192,170,476,543,908,142,671,411,1109,518,312,134,1163,574,570,1651,287,1092,1867,1486,677,458,895,679,609,891,131,767,945,339,374,554,129
887,324,441,843,366,157,255,126,478,404,145,262,147,281,766,572,776,463,735,488,1715,525,339,314,524,482,581,373,467,604,242,305,935,263,322,199,532,179,887,375,570,886,898,131,248,409,130,345,418,1370,210,905,502,495,435,192,369,945,247,222,269,238,415,184,149,394,111,281,1436,905,387,511,370,688,136,459,599,367,231,159,878,588,486,125,249,135,275,644,483,139,353,835,210,436,506,578,285,617,244,299,152,711,508,239,268,420,520,208,347,514,191
1351,1668,2623,1136,1844,1082,1797,716,1429,605,569,1921,1945,3626,1865,2134,1452,3381,1945,1290,1069,1019,531,1231,2462,945,2920,662,1858,972,597,660,908,1171,904,4220,2048,2664,1593,3706,1624,1975,1029,1354,1405,991,3044,1955,2579,1088,2638,2355,4208,932,785,1030,1192,3593,1001,4141,1063,2206,1087,3223,2053,608,1072,999,1022,779,2698,1008,1156,800,873,1421,457,815,2288,2117,1036,3297,864,1664,1074,899,812,931,1715,1375,3809,1855,1441,2665,5851,1630,2551,996,2116,790,890,2969,802,2921,790,2380,1580,1931,1603,903
1379,1183,1733,1136,3579,755,2228,1037,2593,1166,655,1963,2018,3978,2358,1498,1593,4704,2760,1360,1388,1228,873,966,865,4408,1596,1118,1006,1986,1510,1561,1565,718,3094,2826,4287,2768,1767,2732,4892,2788,1270,2370,3412,377,1687,1013,4093,1587,1650,2191,4099,2468,1629,1944,1913,78,2060,1685,3193,1943,1895,1816,3436,1523,2259,645,681,2546,1329,3816,2022,1367,813,2179,1419,2480,1800,1187,765,1414,2732,988,1109,881,2944,2145,3023,2040,1151,1509,1653,2742,3670,2109,1098,3418,3994,4773,2231,2534,770,1230,1259,3072,1954,1315,1120,3909,1931,2058,849,789
1891,1701,4025,1385,1975,1391,3097,1212,1668,1167,714,515,1217,887,4854,2747,1178,2522,6451,3902,3074,3793,1452,814,1305,1767,2841,1908,1303,1812,3039,1915,833,622,481,847,1578,2914,5058,2941,1593,4280,5451,4161,3916,3369,1446,667,1464,1878,3711,2151,2733,1349,3511,1182,2100,3608,1501,1998,1860,2888,2906,1310,1240,1454,2157,2309,1279,2406,635,1512,1268,2269,2389,1200,2530,2581,2201,1227,725,999,822,3356,1547,2466,1995,1562,1837,3454,1385,1837,1126,652,282,1090,2811,2383,4558,4836,2317,2836,5372,1181,1802,3238,1344,750,1983,1205,4156,2231,2866,1371,4887,2571,1299,867,1398
2526,2579,4096,3877,2293,3642,4209,4177,2121,2625,2643,947,4573,6738,4974,5455,3927,4049,5920,4834,3022,2281,3608,3254,2709,3197,3062,5515,4546,2716,4311,7742,2638,3710,3465,3356,3788,6983,3861,5254,3409,3368,5242,3310,1776,3576,3209,1549,3913,6708,5552,6942,3599,4249,4691,6919,5352,3567,4110,2775,3370,5863,4749,5551,3963,4944,5197,7136,5751,4280,3598,3175,4606,4490,3767,7164,3758,3223,3617,7703,2944,4530,3240,2630,1810,3480,2710,6723,5135,3437,3111,7994,3602,2646,5029,4303,5631,5631,5903,4424,2346,2678,5031,2547,1639,1990,1985,1797,4905,5015,2780,5840,4320,3878,4788,7402,2522,3617,3606,5062
386,3295,1337,2968,1389,649,1145,4375,2291,1856,1489,2145,768,601,508,1847,188,850,398,691,293,351,131,479,3637,2605,3341,1305,2662,1834,2026,2460,1832,2381,1869,1161,548,126,726,517,716,559,424,1371,437,496,1149,279,1006,1247,1076,1468,318,1450,1260,520,348,262,325,677,2846,2078,1402,1635,1015,1359,1479,2010,898,1128,1373,354,1346,2119,2101,2061,1224,1487,3753,2880,1288,719,1820,1375,2419,3161,3268,2121,822,1722,3247,2273,1775,1122,1531,718,130,760,801,450,319,235,383,535,335,460,914,378,585,1328,2033,1685,1564,1631,1557,821,716,536,1490,634
5178,2952,2413,3165,1983,1364,4116,4104,1817,964,2484,1788,370,472,233,608,921,677,562,964,402,1298,1467,285,584,2479,2457,2602,1477,2085,3356,2155,1190,1463,1483,1084,140,159,728,379,559,715,579,363,421,266,199,579,269,182,308,142,189,202,1393,863,1047,1054,1439,792,483,622,623,1384,814,272,1712,1556,668,1073,1861,658,232,1163,2122,1785,1011,1461,982,1899,1810,1024,1200,347,3056,2523,2508,2841,1282,2264,1928,1478,647,977,1553,1493,441,287,647,206,653,282,252,144,161,281,166,235,125,1244,1635,2726,261,439,1413,1311,601,1006,1255,1160
