3862,2783,276,1640,446,2135,2663,2369,1430,929,2937,1918,1293,1331,2920,2486,1163,1985,1712,781,1209,1612,2154,966,565,2000,826,1881,2124,652,1448,463,627,913,430,1978,1639,1766,3014,519,860,803,1245,1967,2535,3646,1459,984,3270,1960,304,1854,2655,3274,2177,2226,2890,919,493,1214,590,295,892,729,486,2070,2823,2199,445,582,1576,2524,513,1318,1060,298,946,241,416,680,1353,572,757,3873,2489,867,1273,3120,1745,2072,1973,2296,703,1399,1343,1764,1117,1433,2786,364,2259,2317,613
449,966,132,744,928,1491,265,1537,1639,219,966,720,276,337,275,634,1274,607,1362,495,418,2488,244,332,945,756,1203,913,345,2547,1244,802,830,356,1091,874,440,425,1058,457,542,365,2016,611,298,574,747,1067,863,1202,1096,1021,332,477,104,96,851,678,567,1107,2571,579,1112,401,1823,568,1222,1395,2296,262,2054,1023,2234,536,54,129,654,402,1076,167,1535,487,747,566,892,398,464,1614,194,350,299,634,1784,525,1298,278,622,340,797,1164,735,351,1215,1233,1957,644,542
2039,2925,3161,2874,2072,2849,2220,1916,4600,1420,1815,2044,3095,2893,1783,4565,991,3682,4793,1697,2746,2025,3684,3003,3177,2139,3770,5594,5228,2407,938,1987,3566,1475,1617,1910,2058,4354,1152,2894,4383,788,4235,5367,3577,4631,7317,1732,2366,3794,8236,1351,1222,2762,1458,2727,4408,7290,5477,4236,3253,5084,2826,884,4260,4941,3596,3273,5625,3748,3459,5053,9171,1390,1792,3478,3505,2934,1665,3382,2217,1877,4559,4920,1754,765,2155,1511,3369,2510,1572,2977,1324,3673,2555,619,3669,4110,3104,3207,2987,4343,2477,3831,4296,2997,1220
735,1268,1433,1278,2403,1726,1000,2223,2713,1125,490,1766,1710,3010,1266,1453,1273,1171,2805,803,1581,635,1567,610,482,1335,1997,3964,1516,1030,1396,1779,805,1307,1087,1996,2303,1193,1253,1585,2680,1105,1390,2064,1190,1991,2998,3080,2507,2389,3747,2254,3206,1551,126,4384,3160,1863,3517,2907,1917,1761,2013,2634,643,579,2281,2848,1601,4109,5425,2678,3350,1860,4055,878,1344,736,1106,1193,1596,1553,1698,1392,3116,1361,879,610,834,1029,1039,1651,2424,940,753,2865,1047,921,1370,1292,1052,2125,4246,1291,651,1000,1089,1222,605
1991,756,1261,1835,3529,1400,1649,191,867,1377,272,1113,978,522,1219,965,1779,717,1943,3254,1297,714,828,1799,1825,1802,2914,604,417,2625,2410,643,510,1055,693,692,577,3118,1843,698,630,3058,1431,148,442,3246,2300,2525,4310,2097,1289,1348,2751,192,3301,937,1004,2551,3946,3330,2857,2079,2689,1368,3064,2735,671,2002,1871,2151,3269,2852,4394,818,2354,1852,2283,1359,2711,211,177,1965,1861,745,179,1925,2284,1511,1160,826,1736,1241,1325,2521,417,436,1959,1803,1780,1518,2465,875,1777,356,1070,622,1099
548,423,164,877,2057,389,275,1560,533,627,434,872,165,318,482,1495,295,157,185,324,432,278,677,681,1037,1533,2083,860,518,1086,1470,591,419,3019,707,1056,1890,2130,173,798,157,225,169,236,825,1157,1752,1041,1292,1533,1919,1549,2415,967,2074,1492,870,1108,1429,1308,2123,710,1639,371,1796,1649,1869,336,2535,823,1451,1046,3736,846,1553,1833,903,1000,2012,1509,1193,603,828,441,338,623,347,186,474,2796,959,440,249,566,378,463,1100,1341,1418,2721,1028,999,1236,1750,1635,253,289
3265,2945,2815,1574,3884,2880,1318,3440,4512,1313,834,6293,3359,3154,3104,6001,1598,2695,2043,4275,1781,753,2127,2621,3602,3461,3147,3063,4435,2771,3397,1867,412,3412,3828,2033,2472,3858,3537,3578,4046,2429,1635,1261,6666,6031,7601,4684,7886,6395,6531,4857,9318,3174,6712,7446,4041,4981,8049,6469,4731,5911,8097,1964,6517,6059,7284,7267,7691,6491,5374,6217,6707,2312,2855,2768,4397,6176,3066,3481,3311,3417,8840,815,3440,1991,3048,3084,5256,2573,1687,3041,4253,2364,832,3639,1876,4762,4846,5483,2868,3882,2504,4473,1495,656
4968,2911,2813,1825,6864,3780,2756,2874,4555,2071,1237,1913,2547,3067,3500,2694,3163,2270,1849,5638,2137,515,5250,2355,5801,4052,7966,2684,3896,3982,5644,1141,2953,3389,4079,5253,6846,3106,4635,2466,6328,1997,766,6687,6647,4509,5980,6915,5695,4440,5236,4298,1543,5083,5286,6660,5493,6822,4175,2597,7283,6386,1416,6838,6665,4053,4819,6588,4061,5427,5042,2240,1197,5348,2724,4850,3425,6616,3016,4174,5002,7817,2790,5060,3354,2198,3214,1535,3133,2625,1962,5081,828,785,5006,5444,6444,4456,6855,3254,4177,5805,4755,1165
3977,2577,4075,4258,4709,3236,2906,4570,4748,1083,4288,2791,3507,3127,5523,3927,2909,2817,5011,1326,5169,5868,6006,5164,5170,3480,4593,5223,7002,3287,6015,4813,5321,4049,4731,2223,3097,2283,3857,1378,2612,1449,3970,4333,3740,3098,3081,3698,2723,1275,5178,5348,4284,4661,3801,1773,2666,695,3165,1980,3130,1319,3063,3924,3230,2522,1181,2106,3352,1265,5310,5594,6413,4484,5232,5225,4681,5807,5791,2015,4110,1955,3063,4026,5417,3598,1998,3000,4047,1634,720,6515,4862,5828,5735,8205,5945,6046,4904,4592,1612
7337,7011,8260,7039,7940,5051,8517,7392,10428,3611,7509,7298,8938,6568,9689,6507,6455,7121,10819,3265,8476,8287,6731,5671,9860,8112,8072,6881,8633,3626,7269,6196,8274,7457,8365,6857,6510,5718,8318,2432,4914,3140,4360,4056,4583,2739,3313,2999,5726,1129,3385,2389,4538,4462,6278,2984,4400,2796,3907,1831,4919,2528,2315,3785,5353,4289,3749,4472,4088,1263,8426,8108,6943,6730,10733,6901,8331,6394,5368,2664,6621,7655,8722,7255,8515,4869,5420,7815,9026,1438,8449,7962,6104,5990,6681,4775,4854,5962,9092,4524
2905,3160,3538,3376,4115,2899,2425,2456,3192,1071,2924,2020,2668,3174,3635,2908,2675,2585,3091,816,1388,1675,2144,1180,2426,2120,2463,2298,2049,236,3764,3991,2429,3542,3804,2560,2533,2797,4538,987,300,1252,1468,1871,1847,1164,2461,1174,1389,315,844,1498,1090,1203,647,256,1108,765,1600,199,834,1084,447,1415,631,647,922,290,1181,142,1436,2081,1131,2584,2027,1932,2419,1432,1492,233,2564,2340,3021,3277,3861,3760,2411,2968,4552,558,1413,1159,921,1545,1473,1776,931,1817,2018,960
4326,4223,4139,4645,2727,3245,5110,4138,3589,1346,5302,5716,3946,4638,4483,4316,2016,4552,3516,1050,1976,1553,2162,1199,2066,1499,1103,1570,1291,690,1671,1283,3702,3068,2643,2960,3104,4164,3867,983,565,796,630,446,348,909,546,2454,2943,258,323,1587,1413,631,781,2020,941,1614,1680,891,496,721,733,560,547,2315,654,2792,1976,1982,1093,1096,2037,1926,3068,1245,781,1254,3566,319,4133,4574,3538,4640,4194,3738,3637,4699,3713,1449,1493,2475,2828,3075,3429,618,1362,712,3996,1043
