58,54,56,55,50,59,47,47,58,54,54,48,7,47,55,47,50,57,52,53,48,45,47,47,53,49,48,64,47,65,47,55,66,49,46,46,47,46,44,64,258,72,55,55,61,59,57,122,65,55,79,53,82,163,53,70,59,81,76,92,54,55,55,52,54,67,85,69,58,57,59,60,55,117,64,60,63,55,55,174,56,54,54,45,50,47,54,50,47,68,50,53,112,51,65,74,55,52,94,52,51,55,54,55,48,163,50,46,50,46,48,47,47,49,49,46,46,57,158,54,51,55,59,53,54,51,55,57,56,48
32,30,29,38,50,39,30,65,50,26,25,63,57,29,27,30,26,34,26,26,29,29,27,26,28,16,29,25,26,27,37,25,27,27,28,28,34,26,16,55,43,61,35,31,30,28,29,33,39,37,27,17,36,33,32,31,41,28,34,33,32,34,30,31,19,52,47,44,59,29,30,29,29,35,39,36,27,17,68,33,31,66,91,28,29,71,28,28,32,27,16,34,30,45,30,40,27,38,41,36,54,30,29,37,29,41,42,228,27,27,146,29,107,28,106,134,31,66,137,324,31,30,27,32,30,44,31,29
232,308,234,286,246,247,290,289,218,233,216,235,224,340,202,338,596,719,379,516,602,425,221,228,319,333,335,370,306,542,282,363,323,246,332,244,223,414,294,371,298,274,410,312,406,461,264,250,275,374,378,262,515,577,262,338,287,523,557,365,262,264,352,316,714,481,232,262,431,265,274,259,271,395,206,397,552,873,284,240,457,222,204,494,232,331,338,414,263,346,398,387,282,304,313,437,466,221,302,197,232,231,245,303,260,382,224,245,257,226,273,222,272,248,215,210,247,322,225,272,473
115,192,126,120,136,116,121,129,112,159,133,118,28,129,281,150,125,136,347,122,127,113,120,201,128,131,168,130,139,130,171,148,132,153,154,160,175,147,151,169,133,300,309,141,198,129,134,161,267,120,159,105,147,109,140,183,111,184,139,343,138,193,163,147,136,326,134,124,201,196,132,160,378,107,252,178,110,129,145,320,106,113,108,178,352,138,133,259,131,224,121,161,271,152,144,154,142,137,266,110,138,168,179,191,128,200,242,155,194,133,167,136,124,111,125,118,117,163,169,156,123
135,76,195,69,120,68,113,153,117,69,117,56,69,60,69,74,71,83,51,74,60,71,54,54,142,83,90,138,155,65,122,60,78,126,136,80,61,82,91,74,58,80,86,76,57,70,121,123,135,160,144,161,51,149,100,66,78,84,178,121,84,128,83,70,61,62,60,73,73,70,137,100,55,58,100,55,87,121,70,56,55,51,140,80,89,75,100,81,69,85,172,79,176,100,138,137,80,99,62,74,118,97,77,123,92,67,147,124,69,107,61,76,56,61,63,53,76,106,114,56
72,75,65,103,81,80,69,78,77,64,75,87,64,74,70,69,63,85,63,69,67,59,71,70,88,72,89,61,62,67,72,78,72,121,74,68,91,105,120,111,108,112,95,105,150,115,92,143,95,92,90,93,79,95,85,90,81,79,97,85,89,116,111,119,99,76,98,115,148,96,87,98,74,65,81,77,67,70,66,77,71,70,68,63,112,95,97,88,173,99,124,82,91,154,108,98,79,84,91,77,73,99,72,90,78,87,107,100,67,117,100,73,71,130,85,89,161,70,101,92
155,682,158,270,155,256,175,314,374,174,353,267,143,134,155,169,165,172,142,161,139,155,148,141,171,193,159,186,174,164,172,189,227,203,184,193,218,158,248,223,186,184,220,237,182,189,168,176,221,176,164,222,156,176,348,165,159,356,190,170,244,181,187,213,215,165,176,225,204,177,185,166,145,147,223,156,198,174,157,145,142,157,176,162,201,173,179,170,195,160,376,280,179,268,314,224,170,222,242,179,245,176,183,188,236,412,258,227,237,234,162,172,168,162,154,148,180,238,302,163
237,256,233,187,195,223,213,239,404,231,254,252,184,172,219,220,222,212,187,213,195,191,175,189,258,298,252,286,320,313,264,261,314,274,258,257,240,336,423,272,205,284,236,277,306,249,258,238,220,286,204,279,266,217,558,218,252,228,254,244,270,364,379,264,272,250,501,305,333,228,250,329,178,202,268,170,191,221,278,175,241,182,204,202,301,262,430,257,263,240,623,243,266,269,272,267,344,235,266,257,307,233,329,285,247,280,546,255,279,222,256,221,197,206,196,216,225,245,352,220
128,151,143,153,135,193,146,164,170,460,163,158,146,124,149,163,150,152,127,159,136,133,128,137,222,172,166,173,160,206,194,172,189,185,221,199,209,212,198,188,208,171,237,161,147,182,235,161,153,163,150,196,200,315,230,148,161,269,229,156,182,173,172,196,250,147,204,154,171,172,174,150,144,144,201,127,161,165,151,152,121,133,167,142,231,241,168,204,162,221,209,168,194,207,268,168,190,221,179,246,152,211,264,214,186,219,240,191,159,169,133,148,142,156,161,159,189,187,211,192
263,277,242,332,331,343,253,222,262,384,238,200,236,185,395,431,261,231,196,263,401,229,214,194,283,302,299,498,296,228,469,351,332,327,292,280,430,364,547,239,305,290,450,378,278,434,344,360,353,498,389,578,223,245,339,278,242,506,363,353,301,295,427,361,393,244,370,387,525,413,373,229,263,201,362,192,288,232,227,257,451,264,389,226,442,624,290,284,247,310,361,516,257,346,267,235,369,269,407,311,263,397,432,302,425,365,388,380,227,350,196,362,264,226,229,347,263,404,373,315
119,79,65,63,73,62,131,68,66,67,82,71,62,57,204,68,112,81,83,82,50,61,63,58,215,189,107,56,84,80,56,51,73,114,69,86,60,59,88,75,71,76,69,62,73,124,51,112,130,70,55,82,98,139,162,96,124,230,155,256,87,90,63,63,83,74,58,65,64,116,54,123,78,71,100,76,78,75,94,69,75,62,89,86,64,193,220,91,82,65,102,184,98,136,78,213,55,71,92,182,114,57,77,75,54,73,118,72,69,51,81,51,85,72,77,50,67,58,91,50
88,79,78,64,130,59,88,90,76,60,91,78,78,75,66,63,88,82,80,76,61,80,94,81,75,93,88,68,115,101,132,78,106,98,80,134,139,78,194,128,141,125,81,79,84,87,82,79,78,85,96,89,75,89,120,80,111,84,114,91,121,93,104,73,119,125,71,70,77,108,79,87,85,82,121,73,80,89,81,82,67,118,58,79,71,84,81,99,90,85,181,114,105,114,102,94,78,104,144,164,89,98,82,65,83,57,80,122,31,65,78,101,93,78,87,77,110,92,122,74,115,13
