34,33,30,29,43,33,26,27,29,27,28,28,27,28,25,27,28,29,33,27,26,27,27,26,117,30,25,64,127,30,123,116,25,41,131,27,28,28,27,26,28,28,28,27,25,27,27,28,27,28,25,28,31,29,25,34,24,28,27,53,28,30,31,28,32,27,27,27,26,30,27,27,30,29,28,28,33,37,27,28,29,44,28,27,27,28,28,25,26,27,37,26,52,27,27,26,27,36,25,29,26,28,26,32,28,42,36,27,28,30,32,28,28,26,26,30,25,33,26,26
58,20,15,17,16,50,16,16,23,15,37,51,20,26,15,19,22,15,14,18,15,17,16,17,21,66,16,44,49,74,53,14,15,106,53,51,16,22,15,16,16,14,17,16,16,26,16,16,15,25,35,16,31,16,21,17,19,19,17,17,18,25,16,20,16,17,17,15,17,20,19,18,22,16,20,17,34,17,16,21,127,28,19,15,18,16,15,18,17,16,19,17,15,16,16,14,18,37,16,18,16,19,15,19,21,26,20,17,16,25,18,18,16,20,17,19,39,34,21,19
157,228,186,204,201,206,233,771,202,223,175,340,202,336,201,199,205,241,171,170,219,190,175,245,175,344,167,316,152,327,187,263,163,172,164,185,223,301,161,324,173,183,176,166,164,165,191,234,157,685,164,164,175,492,186,184,221,162,162,187,186,942,299,373,183,195,173,219,166,229,189,560,177,314,213,181,197,193,212,265,463,363,188,233,275,277,178,194,247,256,247,170,236,208,199,187,175,208,163,272,172,620,214,366,149,249,178,206,256,219,184,749,161,163,163,232,161,171,155,185
53,64,117,92,67,54,58,63,54,83,74,66,58,111,75,69,51,66,61,62,51,113,50,71,139,72,51,63,65,65,106,57,76,711,64,69,61,71,52,222,60,204,72,65,50,84,60,81,59,184,52,71,49,95,51,103,60,57,50,358,58,326,84,67,74,392,67,86,236,227,51,134,62,379,56,68,67,155,66,79,92,83,128,101,51,74,67,55,56,59,95,54,53,58,62,105,60,64,55,56,52,59,53,366,52,68,51,147,58,82,58,59,68,73,52,65,54,110,56,80
35,40,30,31,46,33,38,41,29,37,65,39,35,31,115,33,53,30,30,42,34,39,33,364,33,36,32,33,32,29,56,33,30,34,30,34,43,62,32,31,31,33,56,31,30,44,30,34,34,58,31,383,36,280,31,166,42,36,32,56,39,49,53,35,44,39,40,353,38,44,37,84,40,41,43,35,45,47,66,79,43,40,74,41,113,44,33,43,32,46,30,45,38,499,40,43,33,32,56,35,33,30,40,48,35,116,44,33,34,33,29,30,31,33,36,60,31,55,29,49
52,52,51,48,46,120,50,46,53,52,69,48,50,77,61,52,52,56,55,53,55,51,53,57,65,212,82,50,74,64,100,122,89,67,129,91,47,194,46,54,49,47,58,50,58,47,63,50,60,102,54,66,53,61,56,55,57,61,97,54,58,211,63,48,59,52,60,55,56,51,117,55,79,108,89,55,56,54,53,49,67,60,83,57,108,57,71,56,69,81,78,61,68,70,57,70,48,149,50,46,55,48,52,53,52,50,48,53,49,155,52,50,53,58,55,55,72,72,52,48
83,103,138,84,102,100,77,94,92,87,151,97,93,90,133,82,92,89,101,89,87,87,82,85,89,88,90,92,98,90,178,90,92,96,89,96,93,85,83,89,82,91,116,84,84,82,92,85,100,99,92,84,88,128,80,99,101,142,85,95,83,99,192,93,96,101,95,101,82,100,83,94,148,132,102,152,94,112,92,108,92,102,155,126,100,105,101,88,87,81,92,144,93,415,98,103,82,84,99,81,95,87,123,91,78,90,86,77,92,103,86,86,98,106,84,90,93,89,90,101
106,120,113,116,117,126,127,166,119,181,179,121,106,119,263,117,139,117,121,119,134,125,118,128,113,109,149,559,121,112,170,121,208,125,124,119,123,121,112,112,104,115,152,105,108,136,118,110,114,180,112,128,111,115,100,124,123,114,113,126,129,163,196,126,117,131,124,122,120,122,124,154,116,133,136,176,118,120,127,130,119,117,209,141,126,121,117,134,117,118,225,135,164,120,125,129,102,104,104,115,117,127,116,112,117,108,129,116,128,123,107,116,115,130,99,133,120,117,108,140
85,94,101,76,102,83,92,103,86,84,101,97,15,102,78,115,83,79,81,78,84,82,86,75,75,80,108,78,98,99,84,270,166,78,88,83,128,78,81,75,80,76,72,208,94,78,80,82,78,78,126,80,80,72,89,71,102,80,120,78,87,79,94,130,95,90,89,89,82,79,80,88,89,83,77,82,106,120,81,253,117,123,119,139,173,83,80,129,72,105,82,70,82,272,83,81,90,79,77,83,84,90,76,74,84,91,80,88,82,102,84,88,85,83,79,79,111,84,80,86,92
211,228,238,210,301,245,211,233,207,232,193,212,207,330,196,236,143,207,208,188,183,242,226,185,199,142,228,159,300,280,249,212,344,189,155,187,238,230,70,247,221,135,136,176,137,244,177,130,196,147,203,94,198,192,205,191,182,200,240,208,177,120,194,221,50,204,197,235,185,195,205,218,210,192,194,202,208,130,260,341,244,273,248,248,314,173,166,291,234,263,189,167,145,144,199,210,214,185,152,223,138,200,246,184,190,216,189,207,223,115,216,243,182,205,219,143,298,271,206,202,216,229,270,222,199,213,196,195,169
27,25,43,25,26,48,53,43,26,31,23,43,28,28,26,40,49,27,37,30,23,28,35,27,24,34,56,32,24,44,35,25,33,44,38,26,32,31,37,25,54,42,38,35,37,29,54,36,61,46,26,35,25,25,26,25,30,24,24,25,37,34,25,24,36,42,30,32,53,26,32,28,33,42,32,28,27,43,77,36,44,55,73,100,33,45,37,79,28,50,33,53,84,34,38,27,86,36,25,36,83,43,79,86,32,24,25,27,70,22,31,28,85,25,24,26,29,27,25,25,25,28,25,35,31,30,29,25,24,33
62,50,103,41,48,35,73,138,47,34,41,78,75,42,42,75,61,98,59,81,70,39,62,42,39,52,69,57,38,47,51,50,34,63,59,86,57,60,127,39,37,53,47,48,50,38,57,41,33,46,37,45,94,44,38,52,89,45,65,72,42,50,35,40,51,44,32,76,91,43,44,53,36,40,44,33,39,46,112,56,33,55,76,70,40,50,99,114,35,66,95,42,69,52,48,82,33,39,42,53,33,67,35,35,33,32,34,38,38,49,40,35,44,65,40,36,44,52,31,53,56,40,33,41,37,39,45,34,39,38
