30,31,30,30,37,36,30,34,28,29,33,34,28,33,34,36,40,36,30,36,35,30,38,32,94,29,30,30,32,29,30,29,37,35,35,30,29,31,168,182,40,34,32,230,184,28,191,33,28,30,28,30,32,29,28,34,35,28,30,35,32,50,32,30,31,34,32,44,36,30,58,51,32,35,29,30,30,29,35,29,33,29,35,35,29,30,30,28,30,32,28,29,28,30,29,29,28,30,29,45,33,35,29,33,29,29,34,35,33,33,30,42,30,32,30,36,27,29,33,31
60,19,22,35,17,81,64,24,474,36,91,43,25,18,18,16,16,17,23,20,32,23,17,22,121,62,53,23,39,21,42,41,459,17,84,78,20,25,20,24,37,18,21,19,22,17,20,19,21,17,20,18,42,17,14,19,20,16,18,25,21,15,17,18,16,20,17,18,21,24,16,17,25,17,21,21,40,23,21,21,17,17,21,17,21,19,24,24,118,18,19,78,175,18,70,18,23,23,22,33,90,18,21,19,157,17,23,26,24,17,20,18,19,17,17,18,24,17,21,18
156,159,169,196,256,171,268,258,163,154,302,173,434,163,158,363,170,172,157,183,585,159,202,164,222,166,225,169,187,180,157,174,539,187,198,180,255,185,376,175,192,186,166,184,314,185,225,328,610,217,231,193,220,171,170,174,664,217,235,185,540,186,206,219,291,191,171,261,525,171,271,183,243,199,242,493,169,179,201,200,301,196,603,171,320,164,162,195,174,180,163,165,297,158,362,182,184,251,157,597,163,178,178,164,192,186,201,188,367,164,169,266,163,160,177,171,156,168,252,167
58,55,64,226,56,216,83,55,55,57,77,55,61,56,57,314,71,53,66,55,53,54,94,56,61,63,84,294,56,65,93,58,66,59,82,60,97,105,60,229,97,108,71,102,70,158,117,101,77,61,84,327,68,66,64,54,66,66,87,67,65,89,55,123,65,78,167,61,233,59,407,55,149,113,59,126,69,56,307,59,74,66,61,60,53,55,55,92,54,64,92,101,55,53,64,60,76,360,370,98,325,55,361,56,58,71,76,89,64,65,104,82,61,58,485,59,60,60,55,55
33,37,78,31,31,32,45,32,33,44,57,32,32,34,37,41,42,32,34,32,32,28,40,35,35,30,55,39,50,35,53,32,38,31,32,37,40,47,32,37,47,56,35,35,46,60,66,63,35,34,53,43,40,30,104,30,41,41,33,42,40,39,35,35,34,33,93,34,38,35,41,38,37,39,77,41,31,32,51,36,46,31,62,41,34,42,31,47,37,43,296,35,30,31,30,31,130,54,68,32,140,30,66,32,33,46,38,172,37,32,56,50,35,33,125,34,36,33,33,31
70,52,61,58,64,52,58,49,49,80,56,78,50,49,91,71,55,56,55,59,145,52,57,56,59,48,60,56,72,49,56,63,55,61,51,56,53,57,64,66,64,61,49,76,57,50,68,81,58,56,71,48,72,58,57,55,48,53,48,47,62,57,77,57,71,68,61,63,55,61,53,78,139,67,80,75,89,64,78,68,52,66,60,66,56,56,56,52,49,48,46,51,51,47,54,70,53,51,84,60,55,52,60,56,55,46,55,72,52,58,53,53,53,60,62,55,56,53,49,61
90,87,88,92,96,104,110,97,100,91,157,93,93,94,95,99,111,84,91,88,131,91,99,88,84,100,141,95,90,96,92,100,99,88,96,132,99,101,100,100,96,100,124,98,101,97,167,101,95,125,151,95,105,93,93,122,190,106,83,94,100,137,96,127,98,95,388,170,99,107,99,135,94,89,127,101,92,91,90,106,98,94,142,108,93,228,93,107,93,94,99,95,88,92,100,87,110,107,95,109,97,88,462,116,92,118,101,112,90,95,107,105,89,87,138,91,93,97,97,91
115,116,146,125,118,112,177,124,127,177,172,142,122,127,126,120,140,155,119,113,115,135,126,116,132,144,168,121,114,132,121,116,116,150,129,118,138,152,132,155,137,143,135,517,153,142,199,127,128,123,173,118,135,127,129,116,134,134,127,119,133,135,127,195,124,140,120,143,128,153,130,141,138,122,147,136,141,117,122,137,138,123,124,134,131,124,119,149,129,119,136,123,115,127,116,110,135,160,130,121,149,132,293,117,130,138,132,121,139,129,133,145,117,127,192,117,123,117,129,123
83,82,95,81,83,84,89,87,99,87,123,78,80,91,81,88,89,79,88,84,84,85,89,74,95,82,126,88,94,85,85,87,87,82,81,86,100,92,102,109,96,100,87,188,177,107,151,154,89,88,118,89,90,85,92,92,87,141,79,90,90,95,87,99,89,86,92,91,92,94,102,93,92,83,84,87,87,88,88,82,90,174,91,105,87,81,91,101,82,98,90,90,84,81,91,93,99,127,92,111,95,124,118,85,113,94,93,80,99,83,107,128,87,118,128,85,88,86,87,89
256,426,215,233,144,202,205,193,237,250,334,157,121,206,544,224,198,196,198,198,198,193,193,197,188,125,242,431,297,168,232,260,147,245,215,274,213,290,220,279,267,424,232,149,173,240,167,224,335,315,332,156,204,223,196,224,237,218,228,222,219,220,210,210,209,257,210,215,220,211,199,208,164,225,218,238,204,196,194,231,270,268,195,267,203,199,212,140,230,145,409,241,208,214,226,225,217,141,196,201,106,288,358,209,280,336,142,229,274,167,257,217,195,117,225,225,253,226,216,202,232,178,202,196,207,127,116
27,28,33,27,36,32,29,28,29,27,29,51,31,34,27,26,36,30,46,28,32,35,27,32,47,27,26,35,28,53,27,27,36,29,27,27,28,28,54,40,27,46,53,35,49,51,39,72,50,48,62,32,38,26,29,73,33,30,51,50,29,34,28,54,58,30,32,31,31,32,29,30,31,26,40,28,36,4,49,27,41,38,28,32,27,28,29,28,35,25,40,26,40,28,28,34,27,30,29,26,59,37,28,36,31,28,28,45,26,139,39,60,72,27,34,35,39,27,27,29,31,28,58,26,57,30,27,35,41,33
36,118,62,41,50,281,50,46,49,40,44,70,47,43,39,43,37,41,383,39,45,45,37,50,38,38,43,49,51,69,53,333,49,38,84,52,33,45,45,67,42,133,43,70,50,34,52,40,59,48,77,41,45,39,51,83,57,50,39,37,45,56,42,39,35,53,123,50,41,38,49,41,44,36,54,47,47,129,92,45,46,70,42,127,35,48,64,70,38,44,54,38,55,37,35,34,87,37,34,110,43,40,36,51,45,54,40,39,42,109,51,109,48,36,35,62,37,44,43,42,41,39,53,41,118,38,36,37,48,39
