263,636,2668,202,486,498,245,467,352,204,8,857,635,259,521,644,903,644,811,715,241,105,1059,1025,941,752,1724,1835,545,1471,1560,489,232,595,378,594,923,941,1294,1699,714,1295,228,284,1082,1932,1206,336,256,634,1065,213,390,494,160,2110,624,1088,515,735,915,812,383,579,347,120,289,502,838,466,992,521,432,407,1152,664,321,1942,621,687,328,1012,949,415,726,704,453,130,77,592,291,660,588,1452,698,678,577,203,224,81,830,205,374,207,1316,406,744,1374,1883,379,161
26,719,448,111,80,693,327,168,1087,417,31,2064,572,120,152,939,125,605,393,321,416,109,321,898,1336,437,1272,110,818,308,457,77,31,429,1977,1058,926,380,76,405,110,578,878,386,292,1018,466,549,1809,271,1181,2063,1968,597,67,472,310,500,179,1007,95,494,177,450,73,84,191,1319,1077,319,453,754,284,1055,635,382,55,145,213,974,833,702,462,351,159,377,289,43,380,981,81,271,560,646,760,959,504,452,81,119,2238,295,1308,1770,1963,1364,137,192,534,384
1405,1323,1587,1570,1720,1655,2036,2201,1652,659,292,661,1278,570,1624,2153,2134,1519,1499,2014,1069,365,3662,864,5117,4098,2458,3403,2809,3991,3303,2166,1948,4073,1938,3716,1577,2947,3077,2848,4355,2970,1279,1566,3690,1899,3935,2523,954,3214,2846,2560,772,1197,910,961,2532,1772,1611,2393,2097,2241,2329,1583,690,482,2526,2223,1800,786,2109,1668,1544,928,2450,1023,458,1855,2952,1362,1354,2269,1253,1788,2162,2029,913,384,4049,789,2435,2321,3177,1731,2504,703,2144,583,294,3780,1740,5061,1450,876,1235,2969,4070,3425,1380,983
2260,1479,473,790,1011,669,836,2367,1212,1193,210,1325,1962,747,1298,1826,1269,1342,693,1551,1082,377,1457,1224,2312,1530,945,997,393,742,569,952,343,1591,855,3218,887,429,873,1606,432,918,1012,339,2752,1268,1910,1665,389,713,931,2029,1791,1242,235,2202,1472,1786,1731,2080,439,1208,433,630,492,563,700,999,2877,2688,1682,2156,2017,1601,2012,836,400,2384,844,2508,536,1883,1563,3194,1811,1202,635,349,1208,1457,2713,658,882,1461,1987,3064,1378,1915,427,1223,1006,1220,2068,1527,1128,795,1024,633,510,167
486,1061,258,860,1775,1150,2923,1331,920,656,697,609,866,1458,745,1300,1149,1676,1249,1042,1050,849,1137,820,1112,1061,1262,2396,1153,3472,1122,1443,170,1438,1804,1833,707,915,1435,2366,3108,1608,1684,189,804,406,1535,1425,1125,2334,1887,1440,963,2257,167,509,263,1562,920,1413,950,1060,1091,1049,1678,1284,1723,715,953,951,492,321,997,788,572,230,196,1924,444,1433,2500,848,421,1210,895,1338,1235,81,859,1004,1778,1205,800,493,928,190,334,494,335,906,1278,2295,1550,1801,975,895,1358,2301,1459,79
254,470,1744,1815,533,519,679,146,158,655,97,164,290,986,194,540,740,560,905,358,478,321,897,237,1686,630,1389,927,857,1611,705,882,131,1145,407,1264,1352,494,509,1873,1662,1218,1214,239,907,553,1478,867,600,1190,2104,1242,441,616,145,1127,606,1129,204,532,136,610,313,1077,368,160,767,1432,1405,1101,395,1098,414,285,740,458,88,777,1697,753,127,363,136,187,438,469,723,428,966,323,1013,439,1864,921,1492,179,180,197,86,655,535,1286,178,531,655,1672,1051,440,757,94
1940,847,2461,2023,1162,1763,2459,3685,2745,1518,226,2804,2127,3923,2582,1993,2851,3308,1028,2064,2630,329,4708,2710,4672,2594,3492,3611,2668,1572,2246,4888,528,3295,2768,4145,3722,2296,3284,7041,1776,3500,3292,804,4614,3434,4775,3845,2593,5633,3621,3776,2763,3828,603,1052,1122,4500,2694,1251,1999,2564,964,921,1182,371,2369,1211,4065,1150,2729,2438,3910,4137,2549,2648,306,3017,1116,4288,2350,2130,2305,2285,3682,2346,1553,433,4796,2367,4554,2848,2249,2683,4919,2394,2708,1568,423,4137,2963,6947,2736,3600,2913,3317,2178,1647,2276,232
2827,2440,1791,3209,1679,2262,3025,2887,1375,2520,320,1331,981,1827,1955,2591,3652,2299,3325,2928,3496,640,4459,3621,5856,3668,3087,2867,5941,2376,3864,4792,487,4395,2711,6693,4598,2025,2879,6179,3597,4535,5172,1168,4117,4143,6112,5212,3188,4438,6377,4545,6071,5394,1024,3904,918,3881,2023,2223,2306,3285,6154,2169,1553,462,4099,2066,4926,3922,1936,3406,3627,3272,1931,3248,695,4427,1968,4131,3080,2438,2827,2228,2031,2236,2748,454,4515,3568,5783,3859,3121,3764,4445,3659,1614,4505,508,4713,2948,6366,5712,4193,4074,5974,3044,3466,2729,631
2416,805,3052,2034,1464,3385,4797,1754,2051,3311,222,4498,2537,3800,2890,2043,2444,2975,3707,1650,2048,571,3761,4130,4484,4963,5128,5163,6475,4770,5058,3926,531,4128,4061,5440,4561,5786,4492,5131,3984,4375,3800,531,3260,5282,4009,3499,4130,3803,5950,3448,3496,2538,545,4567,2653,3060,2693,1630,4160,2381,2641,2394,3335,549,3196,4401,5994,4698,3235,3487,4151,2674,3689,5085,417,3429,3783,3043,3174,3614,2730,3007,1541,1226,3265,286,4290,4666,5995,4859,2670,5376,5036,1740,1081,2972,820,3908,4076,3360,3649,4170,4800,6131,4589,4832,3963,264
3094,3873,5143,7233,5193,5989,8921,7286,6594,5845,614,6015,5964,8078,6670,4789,6632,8598,5536,4278,2917,924,7223,6336,5405,2918,5205,4883,6829,4129,4855,1911,1578,7251,7899,5877,3737,4615,4202,5255,3446,2983,2003,1075,6674,6339,5058,4444,5570,3794,5361,2211,2796,1396,852,5007,6287,6993,6619,5137,5364,7415,4208,3582,4003,1451,4963,7558,6375,4283,6408,6424,8149,7122,5405,5482,1081,5696,6999,6995,6784,7058,6951,8570,3981,6027,5003,726,7243,7493,4315,4128,5358,6063,7699,6939,6798,6349,1377,6954,7349,5636,3480,4849,3955,5851,4648,4606,3545,514
1110,1841,3088,3408,2926,3175,2969,1825,2888,1500,113,1865,3054,3107,1531,2702,1762,3313,2212,2814,2694,437,66,661,1226,992,1454,672,423,1434,604,752,149,132,887,2020,957,1478,1187,456,385,1402,314,475,64,98,135,655,532,1019,1134,740,463,694,347,411,80,49,3519,3611,2885,1914,2475,2833,4028,2943,3171,1769,396,67,3216,3227,2263,2259,2961,2317,3527,1503,1036,968,295,1306,2727,2789,1880,915,1867,2658,2477,2655,2801,901,9,1150,1739,1873,1342,1375,2707,1746,1877,1901,1280,265,27,969,1025,940,1263,691,771,397,1278,666,738,657,13
3365,3225,4951,1655,2484,2551,2904,1516,2205,1084,75,3979,4053,2819,2146,1977,1421,4090,2475,2941,1358,239,1080,215,855,1158,853,1013,630,965,1062,1103,85,240,872,699,1510,914,914,687,1236,425,476,159,1341,357,480,292,796,646,562,176,481,367,88,137,3952,4248,2352,1071,2214,1731,4606,2686,2608,2527,449,340,2718,1521,1364,1124,1486,1785,3230,961,2041,1299,491,65,2621,2752,4175,651,3579,1707,4037,1969,1785,2707,232,195,152,137,2512,1740,1083,1348,2501,1596,3287,1271,284,186,146,167,170,1141,384,694,567,338,513,90,60
