1240,1149,2597,1600,1712,5028,3804,2759,3382,3230,1756,4505,1612,2205,2146,4321,2057,2729,1042,762,6089,5688,1330,3550,3112,2797,281,1711,3203,5610,4765,3260,1128,1617,1769,732,3510,5604,5825,3692,4700,2692,1268,1127,1091,808,1588,1537,4888,2802,1332,1090,4568,3408,2643,1716,1514,2713,2210,2037,1838,3870,4177,1101,1287,3785,1387,2126,3589,1622,2977,3526,3045,2546,5209,5537,2340,823,1631,2707,2320,1991,4691,1785,3782
216,294,900,1613,1990,4903,888,1147,821,1616,3426,829,1842,1190,1542,1072,523,467,4817,4895,2495,280,1294,2960,1983,1614,2492,670,3275,530,396,897,2495,2484,3846,1077,6146,3178,445,1186,2139,1268,210,275,253,1605,4092,2872,3280,2701,833,642,797,222,2843,192,1168,3133,894,1249,101,400,188,1465,1026,1563,324,1725,487,676,833,2061,371,629,1790,2160,3929,1196,642,556,1117,421,949,1815,1948,2238
2963,4751,3335,2363,4479,7773,4629,2545,4339,3865,2471,4930,3866,9803,7226,2880,4078,9845,3387,8534,7762,7511,8585,6234,6580,4222,5982,4996,6208,6749,9832,11268,3222,9313,5983,5644,9489,7348,6566,4076,8420,5282,5540,2626,5241,3697,8121,5718,6574,7212,4207,3818,1141,3022,3367,3748,6392,2892,3491,5909,3518,4628,9937,4768,5432,6634,4566,7007,5313,2812,1492,2329,4414,7023,3856,7495,7493,4729,5935,3902,4826,3096,7620,6352,7220,4046,6014
2390,3517,5625,2816,1754,3209,4923,2985,1333,1478,4824,4318,3562,4300,3178,2776,2662,3427,6211,4074,3506,5612,3123,2647,5629,2254,2401,2167,3729,5370,3019,6792,2646,2732,4120,3168,4619,2033,2188,3181,2095,2477,4244,2859,1872,3306,1822,3764,2526,2303,2536,4857,2484,4662,2815,3037,3130,2509,4011,7059,2406,6559,3174,3305,2162,4443,3848,3028,3151,1124,3517,1715,3466,3215,2817,2931,3907,4429,2934,1891,3006,2070,5436,3511,2114
1473,1443,3374,2097,1831,1184,1042,1542,1565,1900,1360,1003,1896,1784,2327,1220,2214,2662,2720,3386,4206,1366,2662,2546,2666,1345,1246,3593,1968,2683,2362,3267,2074,1097,1676,2603,1424,2308,1135,2462,3166,1827,1038,2858,1264,1193,689,1014,1309,1406,1053,1520,2438,990,1391,3340,2221,1149,1635,3339,2091,3871,5576,1549,3947,1588,4186,3213,2343,1244,2457,1280,1615,2344,1799,3662,1763,1863,1177,1402,1811,3604,3006,3043,3624,2255,4527,793
1917,1535,1573,1403,392,547,688,274,902,1034,560,626,1160,764,751,798,478,4315,3791,1898,796,595,1440,475,714,1765,676,2719,2372,1544,823,641,1868,1408,1801,1443,4659,1832,3308,743,1635,1849,2329,879,704,1882,2061,1122,766,1073,490,1213,1111,1533,1589,737,439,2061,717,3673,3567,354,3597,909,1173,4131,669,1769,787,1087,663,1130,543,2002,352,624,1206,1224,1076,732,1439,1452,1271,1045,2883,1365,1199,1623,1935
3971,3548,5204,4987,3405,6415,6646,7168,2445,2511,4484,5574,6183,4929,4575,3066,10354,2408,8204,6858,6004,4530,4263,5706,3894,7060,8769,6604,5879,4355,3752,5616,6255,5375,3590,8061,8754,3147,3252,6064,8677,5198,6283,5139,7579,2546,5943,2240,5172,6182,6063,2506,4380,6551,8097,7087,2034,3017,6004,5913,4633,5521,7272,7938,5916,5141,5055,4322,6176,5138,3464,5378,3924,2794,4705,2762,4159,4182,3592,1499,6994,4648,4994,2191,7869,5064,6665,7634,4646
3022,9155,6300,3442,2651,6079,5246,3894,3093,3739,3507,8490,3100,3404,3643,5584,4020,5489,3250,4904,4192,4676,6724,2581,6416,2582,5211,5252,7186,7401,7814,3347,3811,5680,4572,7301,6518,4173,3740,5015,7105,6929,4808,4786,4200,5000,5288,6093,3068,4709,2341,6895,3104,5223,6398,4656,8817,5292,7247,8417,14174,3601,5856,8031,8780,3860,3846,7746,2628,3596,5782,4059,5519,4077,5213,4537,5938,3853,3183,2331,832,5330,6365,8026,5510,7558,3930,3721,6039,7095
2878,4590,4076,5646,3552,3185,4130,3870,5525,2362,5857,3838,6451,4253,2188,3881,5085,3096,3240,4266,5144,2481,4464,3050,3020,2319,3258,4899,4494,4033,3327,4481,1529,6061,3486,5202,2550,3106,4495,4048,3152,4332,5480,2466,8171,4798,5680,4229,5226,5297,4859,4530,5784,2842,5323,7145,4440,3002,9710,6621,4264,5073,2346,2115,4667,2989,2446,6124,7843,3104,4979,3264,3861,4116,4752,2944,1406,2232,4166,3031,2867,6574,6689,5463,6834,4289,2837,4453,3133,3842
11956,7585,8348,6509,4505,6230,6471,6775,7523,6168,9575,6656,7286,6925,7624,10414,7004,2986,5469,4624,5323,5097,6680,4566,4548,2439,2190,7166,10107,7028,6611,8058,7844,5978,3931,7117,6099,2455,8858,3976,8812,6812,6845,4346,6343,8015,5580,5916,6644,8711,7679,6403,11648,4529,5773,6492,9907,6641,5877,6687,7350,7772,7543,3739,2470,9106,6017,3762,5118,3931,8795,7725,7718,7978,3587,5135,7595,6696,5415,5063,6351,7430,8984,4884,8125,8754,8594,5846,6724,9437
880,2070,3020,3983,1838,3414,1683,1865,1089,1846,4811,1132,2429,2931,3645,5012,3282,1443,1116,1202,905,2803,3196,2675,1924,784,2254,2066,838,1465,1526,1841,2570,2373,1420,632,1906,633,692,955,2878,1121,382,1669,2863,1018,4185,2447,771,4492,2242,3472,1014,4262,2236,3076,1174,2392,1491,1758,1103,2431,2744,1874,1519,2637,3309,1617,928,676,1506,3025,3460,2606,1753,1552,1180,2115,3938,1065,3055,1903,4166,1151,1830,1489,1543,1783,1187
2780,7123,7499,2527,1180,3006,2063,4052,2603,2213,2611,4863,1664,930,3313,2606,4607,2299,973,1671,2219,2999,1542,2770,1757,1687,1932,642,3848,1701,5341,1698,1057,1793,2785,484,910,2699,1753,1425,1779,3146,2778,1353,1136,1443,830,1812,3003,2259,3432,4710,2572,5016,2608,1434,1714,3991,3386,1937,2573,794,2336,1187,801,3207,4496,4600,3441,3450,3414,4206,3672,3476,5068,1220,2652,4490,2636,725,1728,1369,2054,4284,2508,2976,1535,1366
