1158,1409,1135,3744,1855,1575,2316,2433,1434,2048,1458,1441,1842,5070,2988,3728,1525,2525,1509,976,737,848,2379,1158,1110,1752,2731,1497,2886,2749,2192,1694,1535,2422,1232,723,1387,3580,2258,3493,1667,1707,1272,930,1414,1451,1332,2767,1623,2949,3037,791,1418,1717,3286,2647,1915,1228,3023,938,1132,3965,1806,1793,1800,1410,3734,1246,1067,1270,1510,1342,412,1599,848,619,2588,1488,2349,2995,2271,3328,1138,1705,1547,654,317,1636,1822,550,1072,2388,1631,2304,1199,285,898,1021,3656,1386,1490,3562,2693
1694,1346,1412,2407,479,2967,2848,1533,412,1753,1209,752,1180,752,137,919,1547,512,1467,480,852,860,1310,685,2504,1236,2681,1110,1580,659,1073,562,234,486,795,251,1282,1067,285,393,986,1748,679,707,873,96,595,704,850,974,1354,2203,727,764,629,471,1229,1146,961,786,886,892,763,1152,617,1254,1268,445,2029,1791,1244,2292,867,1083,1367,1420,748,597,1024,1092,739,1661,2600,423,626,406,1198,2039,1268,1657,1203,355,1081,532,1200,4575,2105,2132,980,4765,924,2784,1269,2308
2564,2910,1239,1444,2077,2490,2737,4013,3220,1990,1003,3747,4885,1945,1547,2473,3781,3218,4085,5788,1770,2304,9374,6446,5076,5731,6396,11809,4895,6132,2792,4314,3807,3012,4821,4540,4320,3180,3272,4305,2257,1382,2134,2832,4121,3709,4990,2975,2330,1794,2321,1417,3949,4276,1810,2493,914,4441,2184,1661,2164,2399,525,2493,2084,1765,3681,2040,5912,3380,3592,4086,2229,2747,2520,2635,4541,3518,2349,2071,2791,2921,2889,2265,4292,4347,2330,3342,3407,5005,2069,6206,4651,3179,3703,6800,6845,3286,8006,9942,9801,6869,4964,3899
928,3139,2623,2288,2154,2300,1263,1863,1610,1457,1489,3889,1666,1325,2638,1857,859,1253,1337,835,2104,2027,3581,4212,3046,5162,3030,4053,2228,2085,2425,3582,923,961,1074,2478,1175,1692,1289,1943,1811,1623,1102,772,2120,2716,1794,2551,2303,1424,147,1080,1746,2312,2403,1116,1911,2590,3001,2271,1414,3512,2255,1217,1838,843,1610,2431,2553,2498,1944,1154,1857,1060,1185,1385,3175,2954,1967,1039,2167,549,2050,4467,608,1507,1781,5517,2215,1130,2362,2026,2406,2524,3572,6290,6455,3324,3404,3259,2145,2653
1026,855,1061,1184,1837,2593,1358,883,1675,384,1047,1206,804,1047,1532,1723,1225,1659,3141,1025,1793,3118,3629,3387,2741,3810,3215,1886,2153,1459,1511,2229,1436,1264,3592,1985,1233,3385,2845,1560,786,1117,1395,1517,349,742,341,445,1386,459,826,1067,622,1038,1543,755,802,155,2155,602,399,1518,1890,1306,3113,3153,598,1465,840,1340,1980,2768,1903,774,1043,1438,1183,971,1364,953,1187,1506,1729,940,1815,3207,2246,1347,2370,1662,1690,3626,4513,2613,2411,3538,3286,3327,2418,1404
153,867,313,659,681,459,435,1376,855,332,738,439,431,1728,456,510,463,1403,1132,481,943,2156,2480,2432,2263,1394,1402,1402,690,1905,944,1257,1924,1270,1141,1385,772,1138,578,671,1179,456,573,498,879,1280,1018,144,1917,636,810,1359,985,691,1320,451,2239,3304,385,496,412,605,793,490,257,1133,471,1660,992,638,272,879,774,787,1154,1140,1430,370,1306,150,1246,463,422,1457,1251,2060,1873,1358,1746,1207,3062,1966,2387,2088,2547,1542,1537,1066,1197,709
2394,3777,3533,2822,3815,4175,1377,1883,1819,2350,2292,3208,3792,5111,4558,3709,1646,2978,1971,1572,6940,7426,4281,4966,4629,6499,1764,5990,4234,4152,4935,3891,3157,4914,3905,8047,5905,5721,4866,5123,3681,4464,1427,1080,3569,5055,1957,2294,2601,1785,2390,4238,4120,4786,1401,3934,1461,2207,3987,2167,2132,6174,2851,3569,2825,6848,3159,2672,5502,5347,2332,5221,1580,1883,3757,4797,3110,2518,2023,1748,3792,3398,3686,9093,3076,8457,6016,6501,4627,5766,6974,8846,4264,3964,1513,3271,3045,3476,2849,1129
2015,3410,3911,1301,3950,6264,5865,3800,1079,1548,3762,2797,3498,3111,3286,6677,5453,3519,4282,2305,5119,5640,5137,1339,1251,4968,3735,2068,2021,4089,7142,6239,3952,7133,5516,6799,5241,4962,2399,3116,3437,5215,2574,2022,2497,4621,1826,3788,3096,1713,2664,2974,3528,3122,2584,2983,3156,3893,1460,2077,1760,5297,3409,2509,4205,6190,6417,4207,4031,2832,2044,4993,1425,2118,2204,2623,3259,3935,2625,2176,7075,6341,6133,6038,6779,5402,6392,4936,2369,2213,5677,5258,5415,4377,2547,3418,2848,3157,1682,1720
2582,7098,1776,4344,4380,7837,5519,6042,4905,3759,6495,5379,4762,5639,2086,6279,5736,5485,3555,3746,5521,3884,1771,2691,4298,3121,1523,1680,3135,860,5580,6341,7311,5197,4707,6888,5499,3907,2997,2312,3050,3940,2921,3919,2313,5086,2490,3992,1507,2995,6829,6296,5170,6421,3155,5052,4551,3632,3558,4155,5325,2483,2390,3425,1992,5919,2835,4322,3518,2978,3679,3756,3731,2370,1861,2923,570,2178,1923,1847,5672,6429,5765,3873,4427,4936,3258,3521,2384,1788,2051,1382,1770,2914,1950,1399,834,2285,990,1612
8727,8478,8551,8041,8018,8628,6483,7005,3976,4007,6958,8374,9226,6532,8279,8262,6709,6700,6335,4928,4276,2852,5561,3238,3129,4515,2658,3272,2773,2683,7552,8351,6727,4208,3238,5942,4435,4351,2951,3137,9734,9013,8547,6578,7263,8639,6529,5221,6094,5172,7260,7895,7306,6555,6143,10318,7474,6506,6038,5776,8822,8820,7594,9005,7480,7910,7102,6681,3468,4240,8069,6962,9021,6552,5193,7614,5406,3819,4713,3806,7669,7570,6548,3567,4804,5444,3431,3582,4044,2249,4963,2519,2838,5094,4566,3233,2880,4591,3871,1059
4148,3370,2979,2356,1160,2673,2153,1868,1528,3628,2309,2511,1599,1980,974,2974,2254,2178,2403,2293,1397,1450,1372,830,1873,1288,726,389,729,348,97,1875,2476,2055,765,1655,2320,764,2268,1476,819,1742,2014,3070,2773,3443,2314,2447,2055,1931,1444,3142,2993,2437,2648,3089,3546,2275,1533,2302,3445,1843,3039,3288,2527,3160,1978,1437,2506,1047,756,4086,4294,4003,2396,3510,4814,2193,3259,2960,2597,1892,1541,972,1882,875,1096,943,1838,990,1491,467,702,1524,1121,1092,2186,1303,2113,644,788
4814,2653,4604,2215,1179,3854,490,1517,2740,3027,3265,3388,3035,1638,1198,4038,736,1081,1969,681,1369,1946,2703,354,954,2227,3884,2276,1996,1362,1293,817,1877,1974,791,2912,1489,1892,1285,601,3717,4759,4048,3585,3900,5168,4906,2580,4122,2151,3893,2829,2918,576,3844,5416,4489,3443,1765,2069,3566,4363,4127,2521,671,3861,1323,785,1128,1768,4216,5527,3923,4069,4615,3113,3562,3897,1833,1895,2436,679,1317,809,1206,450,2177,1132,142,960,1062,800,832,148,807,1740,1361,349,2254,449
