289,1793,163,57,793,52,47,47,55,201,52,53,48,2728,393,179,59,67,66,66,58,57,103,75,62,1677,191,151,111,104,100,107,521,97,119,89,37,1725,479,82,53,72,62,117,898,67,54,62,40,3023,132,81,59,53,48,52,105,48,47,53,32,1547,664,158,109,123,99,104,214,64,92,132,43,1606,175,152,115,99,109,104,500,97,129,99,30,1786,132,74,92,168,109,168,349,153,204,148,160,2937,90,80,53,66,76,64,88,47,48,104,30,1794,297,83,74,112,77,59,216,89,57,162,32
92,182,66,66,26,33,26,26,26,84,25,17,1727,698,30,188,26,25,32,31,28,26,25,18,712,323,246,191,234,197,181,335,193,222,239,460,568,50,36,29,33,23,25,251,26,24,23,20,249,55,77,96,76,37,35,120,47,50,34,16,260,40,43,29,34,47,24,36,29,30,53,20,568,364,277,223,259,634,211,270,214,168,326,384,287,51,35,55,71,112,75,407,42,56,54,16,761,195,204,155,293,948,292,226,254,281,476,200,279,78,28,29,176,282,241,210,164,208,159,136
4528,407,279,263,210,237,225,204,214,215,209,178,3102,354,275,252,317,245,323,477,247,305,283,258,6638,700,839,533,643,1024,501,610,449,699,543,231,6594,760,486,365,404,1108,379,616,401,404,406,174,6665,484,529,300,385,1201,313,310,252,482,237,185,6646,348,539,324,260,895,310,532,443,455,467,193,6611,546,654,281,615,1080,474,486,460,781,551,208,6675,442,345,333,748,1856,689,745,357,566,396,725,6615,622,911,522,624,749,555,632,471,760,485,310,6611,588,442,455,285,699,253,591,242,241,460,178
2938,312,145,115,121,127,98,145,117,95,88,200,1386,300,319,249,362,547,348,714,192,158,330,475,3478,635,649,367,437,292,163,176,147,161,329,322,1384,217,223,131,128,372,103,108,97,119,100,205,2352,496,508,301,166,147,208,107,104,117,87,198,1635,219,241,122,116,130,108,158,114,88,99,338,3352,385,513,249,511,183,261,268,238,247,231,241,2099,182,225,225,181,156,160,108,117,113,163,283,3734,449,485,298,233,270,179,306,193,138,221,572,950,261,215,120,315,307,207,263,217,167,177,472
938,358,72,66,61,55,74,357,60,49,62,31,3465,139,551,58,534,117,60,386,325,111,330,51,1464,218,165,145,256,117,135,226,207,157,135,95,3020,364,468,223,157,115,71,107,48,58,76,76,2072,330,328,113,71,58,88,59,50,49,83,39,2637,74,268,172,71,59,58,50,47,51,61,36,842,323,236,196,192,220,103,137,148,118,257,32,2013,81,75,92,380,201,256,321,181,192,173,85,1130,184,244,107,353,293,231,151,118,123,146,56,3102,203,324,99,120,128,84,154,130,82,86,62
449,149,88,196,98,72,76,126,77,81,103,54,725,151,159,72,118,73,60,85,81,63,72,252,734,286,576,172,156,247,146,142,164,137,138,55,437,287,170,79,122,65,105,76,64,76,67,55,280,217,134,120,97,63,121,65,63,70,71,54,745,115,96,96,101,73,69,76,72,68,75,56,262,180,594,101,93,133,86,123,90,78,149,49,331,108,103,121,148,125,101,117,102,82,92,54,502,121,190,73,120,94,87,89,81,90,89,60,426,182,80,102,279,252,218,121,134,108,127,61
4294,456,187,159,164,205,133,171,164,168,154,122,635,884,521,275,527,328,273,243,221,225,262,246,3009,549,455,342,401,507,220,362,342,374,606,132,1843,393,1306,194,166,188,182,160,163,159,213,178,1048,439,914,343,167,158,238,144,170,141,164,93,2088,234,967,173,252,268,248,201,235,219,229,118,1329,516,437,378,373,351,367,360,315,298,644,92,1879,228,354,225,286,279,334,292,272,225,469,102,2942,479,355,283,235,274,255,261,254,263,298,165,1478,434,892,183,242,296,232,203,204,220,225,135
2117,360,323,214,227,866,183,177,200,270,189,125,4727,331,774,243,421,229,182,221,281,216,190,130,2276,695,414,450,598,516,397,391,425,497,529,229,3518,453,364,285,254,272,201,219,187,211,320,134,3286,454,280,257,195,223,320,186,176,180,186,127,2325,332,500,238,235,312,227,223,239,207,331,128,3288,839,502,683,533,618,427,501,354,429,673,143,4473,326,262,219,331,433,491,338,267,415,467,123,2292,333,374,263,407,424,307,244,398,340,249,215,4463,370,220,213,403,374,284,304,263,297,317,163
2952,393,229,206,200,189,192,168,263,140,173,203,2237,650,754,212,254,297,271,281,262,301,478,123,777,1477,527,422,412,365,384,349,402,288,1062,192,1460,574,534,197,216,407,184,290,143,211,412,94,2299,586,299,197,167,156,210,133,130,136,1311,100,1455,284,319,150,455,304,171,205,163,160,225,109,652,1146,503,345,411,345,317,339,388,425,1947,117,1250,302,180,163,268,306,320,292,346,253,644,128,594,353,615,236,210,178,248,204,284,233,593,163,1583,371,310,170,234,201,197,188,224,196,249,139
2534,586,502,426,319,414,289,378,385,318,396,273,4544,965,666,477,487,675,387,596,395,414,831,232,1456,1663,1133,1532,1201,749,670,773,752,1456,571,231,27,2142,2004,586,482,402,367,394,356,420,413,1669,198,2328,1570,567,1024,427,334,343,346,664,379,478,215,1203,1981,613,451,490,541,382,533,395,468,963,290,142,2981,1287,1074,1616,1073,759,719,819,1445,809,479,171,1207,2225,533,410,1553,502,535,697,480,681,1013,211,103,1827,935,1289,1464,832,1042,899,1107,1385,819,467,228,796,2230,741,477,1910,1148,520,564,517,1171,997,337,132
566,169,103,60,58,102,42,112,87,47,44,66,358,985,160,57,44,44,41,44,41,41,270,28,36,204,204,128,139,148,104,115,109,527,126,74,27,1244,400,374,1294,242,327,228,359,935,268,28,20,323,276,336,608,218,60,84,120,513,207,87,6,89,882,195,165,707,58,47,43,41,58,41,31,29,26,279,169,98,112,110,86,86,83,570,168,51,32,732,80,72,529,321,267,390,268,1449,357,51,20,27,146,120,91,113,146,105,82,78,513,292,92,192,885,324,271,203,51,129,82,108,116,319,111,20
2737,189,65,62,63,79,65,61,59,59,56,46,1850,389,347,754,469,455,340,438,528,338,131,37,2233,435,203,210,176,172,181,178,138,130,176,75,65,165,70,117,67,59,58,67,50,396,58,61,38,191,148,132,118,82,94,96,63,64,54,47,1220,131,117,117,70,77,74,62,59,81,176,98,211,284,260,129,121,126,139,111,113,94,140,59,474,157,139,76,143,104,169,133,105,106,126,40,62,138,154,102,89,122,117,85,123,78,78,46,616,147,108,83,118,135,98,98,99,96,98,44
