874,877,375,218,233,506,282,174,480,402,1128,1229,480,336,755,344,1864,649,397,844,469,978,450,1381,420,1703,974,309,699,1413,1401,1148,262,728,553,453,981,1032,818,591,1469,428,196,274,1100,259,497,616,1620,1035,227,640,377,288,518,438,348,679,1310,1199,1594,788,630,474,3133,1665,1115,734,532,524,671,1371,250,1587,405,1225,318,1543,426,406,434,625,1149,641,953,500,1145,877,254,2129,327,1157,436,234,795,711,830,431,1992,629,723,1207,1191,999,693,2235,1281,1199
143,90,1201,102,85,405,70,403,1131,259,1045,211,103,271,492,173,89,93,68,137,19,518,244,437,122,284,65,67,879,542,233,25,649,931,1227,345,344,101,443,118,88,613,105,769,86,258,175,630,120,626,508,1110,916,1571,141,271,247,1220,678,352,1233,110,195,640,76,107,221,757,1153,1029,180,2013,218,174,370,422,226,71,118,140,63,202,77,130,61,190,96,265,104,159,185,109,1248,120,943,179,209,65,209,230,1078,1496,1138,540,337,109,697,261,1551
1711,2699,3249,1232,1806,1426,1859,2036,2012,1335,258,2811,1271,2466,3406,1742,1476,2100,1804,2537,2542,1526,2133,947,2029,1873,1303,2302,1120,2435,1321,3892,1211,4874,2105,4908,2636,2374,2524,4559,3300,2054,4234,2524,2057,2903,5295,4261,1419,2480,6744,5114,2874,2807,2065,2043,3244,2458,1459,1497,2758,3474,3576,2115,2178,1507,3927,5502,5491,3990,5079,1893,4126,3832,1155,4950,1702,3396,3338,4467,2212,1715,3014,2373,2638,1624,3171,1489,3940,4094,2427,1460,1095,1959,1781,2123,2429,3064,1489,1937,1848,1659,988,3287,1694,1454,2056,2876,1234
1444,892,1206,1038,1264,1494,2239,1185,748,2563,1621,1596,710,971,1105,1185,2629,1620,824,548,2392,795,1122,1165,2204,960,781,1661,1141,1483,1617,1400,736,2607,3449,2465,1245,4558,3287,3207,3147,2314,3821,2464,2553,1758,3382,1998,1752,1548,2405,1626,1723,2270,4444,1517,1364,2818,2892,2324,1679,3808,1305,1163,1833,1417,3011,1820,5552,2044,3565,2261,3218,733,1722,3861,2098,2062,2578,1387,2289,1611,892,2108,1379,390,2878,1871,1892,1859,3200,896,863,745,1720,1539,457,2006,617,1334,1079,1221,1998,764,1226,1324,569,1169,948,734
240,615,1105,445,780,520,854,701,818,1939,670,834,1485,1496,1023,918,907,953,1559,566,1599,396,729,1046,467,1642,378,590,871,262,421,1803,826,1360,662,2079,1311,1779,530,1274,860,1317,1467,472,1414,1244,898,1083,650,1151,3637,949,1565,1045,3578,708,2585,1753,873,1799,2011,820,704,1334,711,1837,2014,1667,2379,672,1369,2922,1819,958,808,1121,2625,2189,936,3223,771,1870,954,1003,1818,887,2215,1005,1823,1287,1439,920,1017,2229,587,1033,309,1395,379,759,238,385,523,313,678,359,680,1192,1427,426
513,646,187,314,600,2151,686,150,239,987,471,1216,179,124,1682,394,256,1481,169,167,452,984,231,629,356,522,793,211,671,1561,195,1232,2460,1654,2414,1317,432,1456,448,1288,590,743,1317,2321,1672,385,582,853,3202,915,1483,343,1777,1537,1352,873,419,910,1059,1186,726,388,1374,810,3006,1392,1006,1750,1181,264,1305,627,2084,541,812,862,2103,1658,462,688,382,1402,1014,431,1187,657,717,1235,652,716,371,527,1943,399,1442,723,124,1380,2180,505,243,811,430,337,1150,179,300,194,1039,237
2371,2354,3368,2104,4292,2928,6260,2768,2937,6210,4291,3963,1711,5523,3022,2583,1557,5347,2568,1309,4437,2196,3043,5561,3619,2624,2334,3678,2493,2129,3178,5412,3617,4499,6833,3910,2429,3682,2560,6419,2813,2302,5147,5380,4487,4080,4363,2935,7288,6325,3242,3284,2229,4856,7078,4962,3352,8016,2376,4185,4617,5536,1897,2215,4730,6795,4545,6579,3171,2433,5118,3745,2996,1736,2599,5551,6458,6926,7279,2282,3423,2507,3114,6081,3561,2548,5398,3814,5503,2389,2092,1705,5025,2164,4405,2103,899,5240,1815,2924,3794,3102,1591,1207,1958,1324,2554,1174,4325,1826
3247,3560,3192,2363,1897,3668,3485,2548,2808,3583,2700,4186,3415,2516,2081,3936,4025,3210,2238,3047,5074,4435,3854,1890,3721,1882,2601,2245,11160,2298,2417,3233,2622,3226,4006,5128,2601,3785,2228,3232,3233,3462,4470,3053,5009,2768,4187,2462,5996,3665,2372,1995,2192,4827,4913,3700,4342,4486,2038,3164,2799,3073,2715,3118,4080,4532,4952,3714,2651,1469,5085,2089,4185,2267,3696,3336,3889,5373,3520,1885,1934,3113,6399,3131,3200,1591,4296,5748,9345,3184,1143,3926,4416,2137,3665,2852,5655,3965,3183,1858,2188,3691,3008,1481,1072,2733,1114,1121,2979,2258
5095,2985,4152,4388,4566,1456,4930,1859,2133,4207,4711,4014,2071,1641,2125,2244,4371,2812,939,1865,3339,2894,2906,2272,1786,3055,1316,2336,3670,1722,2865,5131,5654,2666,2281,3498,1328,5777,2784,2348,1678,1564,3174,4572,5600,2751,3798,1264,2573,1865,2229,1365,2162,2151,3337,6007,4855,2484,2150,2564,2806,2974,3403,3325,3719,5005,4936,4508,2471,746,2623,1883,1368,1644,3315,3578,3833,6465,4012,2626,1864,1873,3769,3013,3743,5117,3987,3808,3795,4086,3475,1479,6723,1307,4348,1439,2535,4307,3747,8486,2126,3296,3397,3808,1729,5454,1668,1501,3550,2225
7344,6263,7859,4125,6807,3344,6221,4285,3772,7285,6985,6081,4580,5415,3596,4799,4678,7968,4011,6832,8208,4531,10652,4471,5469,3251,8549,2319,6340,2095,7439,5466,5769,5246,4617,4884,2287,5231,677,2665,1857,2983,3246,2359,3541,8345,3948,2140,3785,886,2372,2207,2467,1237,2343,5927,5448,5540,1992,4452,3754,4488,3674,4643,2355,6495,2652,3092,2466,2593,5090,1687,2198,2269,4751,2146,4431,5319,7013,2262,1596,5790,6878,4260,3168,2704,4263,5858,4791,5614,5713,1744,5164,3642,5677,2540,3212,5768,7289,4984,3050,4916,3301,6249,3516,3271,2277,4533,6924,6599
1783,1151,2152,450,2193,932,1732,1705,2087,1016,1163,2382,2119,2683,799,1809,1293,1045,900,2050,1390,1809,1652,1665,3143,1447,2567,1160,2086,2479,1788,899,1425,775,191,530,252,463,247,421,305,514,168,1328,1368,823,893,456,737,266,252,567,420,368,812,1500,588,273,1552,423,1099,307,2200,529,1429,1447,739,190,276,406,595,364,413,1720,573,369,1081,751,1315,517,3619,1356,723,618,1103,874,2318,711,805,1097,308,851,995,1423,1394,1105,2588,609,3268,2238,1413,1024,1240,1181,2385,603,752,3804,1491
4174,1955,2731,298,1125,2624,2733,1749,931,2350,1879,3629,4279,1997,1053,3541,1332,3505,588,1718,2407,3786,2043,1740,781,1327,3309,2399,1826,297,1164,513,1167,718,371,270,256,699,362,277,825,230,582,393,297,320,293,478,295,1800,805,876,190,887,1102,396,1024,1200,428,767,1194,1172,288,710,435,1027,1218,410,2117,345,661,199,684,72,359,277,1552,399,1279,740,520,1263,1703,273,1677,783,721,1365,352,1345,847,2628,1220,2024,3228,3308,2419,1723,2764,498,1534,789,2940,2182,1117,3197,4499
