2963,3188,667,1427,657,2856,7258,2834,4655,982,1316,4547,2298,1386,5599,2442,688,1947,3454,4107,1771,1411,1669,1857,1691,2336,2158,3991,3660,3960,1172,4906,3168,1740,1529,2832,888,3325,2695,1770,4102,2849,4619,4257,2460,2486,10349,3215,1064,882,320,1364,1094,4643,1888,2369,1192,2783,4755,1814,4202,4516,3568,5386,1400,3668,1676,2354,5436,699,2916,1245,2071,2967,4072,1890,1532,1927,1757,1018,3270,5565,3616,917,1374,3924
3541,1092,380,3746,952,5028,1775,3099,755,1229,1346,441,801,4122,2991,1122,585,1668,1227,605,1214,571,2247,561,123,483,966,657,334,2742,521,2599,1294,537,2197,426,206,1578,1955,1884,471,2484,690,387,763,240,3995,1553,1987,902,543,2474,899,317,3585,1080,1397,1185,1170,4140,3068,1832,1166,3620,1671,1297,1160,1077,1670,871,1332,419,2891,812,814,2052,4108,2311,1569,814,1839,3792,1088,852
8197,6807,5318,5848,12734,6859,3907,10824,3040,3268,7506,2980,5829,5944,2773,2838,2590,4668,7359,4674,3366,8630,3316,12535,7478,3097,5453,6558,11252,7429,2191,5997,5651,5135,4198,6516,9599,7286,6698,4382,6990,7636,6550,8776,4759,5067,5879,6684,2140,2197,5677,3444,4491,5175,4821,3291,5703,4473,2425,3144,2964,7283,7931,4598,4321,7782,3837,7722,7540,4707,4084,4896,4268,4240,10936,3727,4896,3899,7012,12673,5407,8865,7907,6658
4219,4454,4463,5056,5362,5268,3654,3937,1866,3930,2053,2655,3807,2405,2550,2512,4011,6467,3544,4530,2507,4130,8149,4863,3693,4807,3791,2879,3401,4070,3324,2207,4883,4470,3453,7743,3320,2778,5771,6305,2744,2240,7280,1737,3026,2674,6218,6224,3157,1847,2177,5324,2370,3062,3664,3344,6788,4270,6042,1877,3746,3378,4132,3072,2751,2314,2284,4394,4664,2958,5067,5238,3548,4165,2679,4251,5943,3481,3992,3244,4658
7142,877,1444,1278,859,3716,1545,2594,560,1239,1533,813,1920,3202,2116,5232,4236,1136,1556,4447,2232,1513,1439,3448,3668,785,1962,2205,2458,3213,1123,3005,5705,2967,2349,4377,1582,4887,2896,743,3012,1228,1265,2009,1125,1689,1580,3385,1169,1438,1359,627,936,4608,1262,1629,2893,3279,2942,2137,2465,2562,1552,3104,1045,1621,1090,2814,1020,1391,2945,1679,2746,2874,1130,1951,1207,1664,2183,1061,3006,2775
2578,1215,1059,2356,1129,899,1228,2045,1396,817,1507,384,3012,1146,425,1764,626,1140,1885,1594,1239,1331,2436,3276,2012,1344,574,2968,767,2642,775,1397,1656,2369,831,3562,841,1803,3023,1535,2153,1410,3624,526,1014,551,1502,616,1556,1684,1782,1274,1485,428,1735,1547,2005,595,534,1178,684,531,1877,843,700,482,2282,784,471,1848,1373,1893,521,2310,2094,6299,1655,1256,1930,1866,470,1069,2507,2667
5954,3410,10718,5246,3826,5353,8212,2354,4031,6591,4752,1218,5153,6275,1911,8331,5340,8136,7350,7380,2712,2252,7289,2510,4933,6834,6006,4860,9428,4688,5447,5661,4508,5435,3245,5257,9307,7560,5219,4162,5725,3954,8641,2687,4204,3730,6165,3841,7357,3607,9327,3214,2836,4064,6471,2954,6535,4015,5992,9325,3740,5183,2451,3892,3446,5794,3094,6848,3514,5184,3548,4349,3060,3544,5824,3957,8566,5200,2219,7676,6360,3918,7800,2530,6567,6708
3657,3306,5701,4910,7768,7014,5690,5287,2432,5301,4040,8149,5498,4876,3116,4831,7690,2837,5176,3101,5846,3295,5609,5693,3639,7718,10154,5360,3162,7093,5171,8193,5031,6739,5982,3979,5936,4373,8237,5769,4444,6010,4045,4481,6659,7181,4545,3437,6497,3948,4333,6146,4395,4996,3130,8025,2790,5886,7639,7759,8145,4287,5071,4157,4210,3362,2996,4152,6347,3855,5132,4235,8696,8929,8924,2559,8925,7767,3326,4880,6991,4063,2980,6803,8649,3417,5742
4529,3891,4152,4061,4656,4827,4120,2596,2427,5010,1937,2188,5495,5111,4692,4825,5511,5257,6656,3098,5172,5374,7488,6997,3919,5119,5093,5885,6105,4009,2631,3170,5693,2469,6878,7739,5144,4305,6196,7406,3571,4105,3998,4126,8464,2828,3257,1971,3182,8261,2961,6932,6553,6133,3278,5551,4190,4625,5928,4053,8286,3583,2971,2501,1436,2051,4186,4452,5893,3878,3585,6502,5379,3871,4024,6076,9517,7910,6433,3883,3929,3485,4397,2921,2769,2623,3544
5720,3180,5754,5520,7616,4393,10290,6724,6369,7153,6317,6293,7278,8451,7320,10762,11173,5595,5462,8899,5084,5162,8008,6142,6672,9553,8007,7461,9844,8035,3943,5903,8842,8604,8525,11897,5882,10359,4665,6273,4303,6712,6702,5557,8469,5432,7956,11782,10073,6741,10759,10145,6836,5650,7343,7433,5905,8557,5665,8751,10950,4578,7146,6535,8427,5834,3040,10527,8264,7728,7644,8144,9455,10735,6992,8563,8935,2293,10761,4056,11656,6551,8727,7468,4928,8321,3780
2968,947,997,1265,878,4683,2072,1409,2442,854,4257,1537,4310,5074,1075,2271,2556,2781,1545,2098,835,645,2346,3487,2201,2990,2389,1635,1294,546,2241,817,3493,2814,4369,836,2192,3273,803,1470,857,1784,3531,2139,1284,1321,2686,3288,1642,1940,1140,2802,2814,1326,2610,2444,1236,894,2740,2266,1524,4992,3176,2038,1215,2675,2059,2218,2107,2710,6194,2354,3508,840,1945,5602,1927,4509,462,639,1668,444,1978,1056,1317,1113,1755
2420,2457,1271,2491,2891,3502,1120,1988,3825,3893,1581,4390,2840,2771,2096,4836,4876,3718,564,2571,1558,2391,3641,1349,1245,2505,3377,2461,5554,788,3410,984,1688,2699,1208,1529,1034,3357,5224,863,2240,1798,2476,2904,2031,2590,2615,1828,2621,1258,6489,4690,3098,3060,1038,2716,4411,4468,2709,3937,5527,1223,3921,5624,2223,1413,4360,2964,3431,2744,985,3591,2554,1366,4127,3462,1289,1859,1358,1071,5243,1260,1450,3147,2621,1316,3742
