78,97,81,73,126,85,71,71,69,73,81,109,133,129,85,195,92,319,66,136,116,198,76,87,62,54,181,54,70,44,58,73,55,47,62,56,46,44,53,46,49,45,47,56,44,47,46,46,207,279,187,470,239,160,144,146,195,267,164,213,81,69,59,82,77,81,68,73,130,81,73,74,45,47,53,46,47,66,44,53,46,48,47,51,48,197,48,49,53,99,47,49,48,48,48,48,75,80,63,112,106,52,62,70,50,68,61,55,50,45,91,48,70,47,47,52,49,44,45,56
49,29,28,48,32,36,40,41,28,28,57,41,37,24,34,25,22,33,23,24,36,24,23,43,180,122,24,40,48,101,36,335,188,25,104,57,111,74,32,93,136,247,191,47,142,136,67,181,72,27,38,37,34,42,30,65,127,32,36,72,24,23,45,25,23,33,39,50,25,23,23,25,24,31,45,35,24,24,25,25,28,24,23,27,24,29,135,34,26,32,40,23,27,30,23,28,54,56,54,38,48,56,36,56,48,48,53,50,28,24,54,47,29,24,29,52,26,27,24,29
357,319,404,381,425,377,299,464,313,255,327,373,370,292,349,316,295,315,1050,273,298,278,351,309,429,413,521,532,411,244,622,219,281,281,263,590,415,194,234,349,221,687,232,278,222,292,210,263,1058,466,912,641,383,574,1160,457,462,495,693,602,200,213,307,693,226,301,289,217,224,195,211,217,243,194,587,291,222,231,262,241,209,267,238,347,289,259,347,566,243,692,350,226,218,254,229,405,449,406,445,700,385,446,575,470,394,425,380,679,465,427,440,381,467,486,426,572,421,427,383,459
242,166,405,282,156,155,887,277,193,252,282,214,108,84,103,109,88,118,85,128,85,116,123,157,87,164,231,120,195,125,198,352,208,204,623,285,209,203,136,158,171,85,327,518,160,149,275,155,153,205,511,234,254,210,192,299,350,221,202,331,474,207,264,202,193,239,190,137,396,108,112,221,109,143,198,178,113,90,117,117,128,83,119,125,159,148,63,108,114,100,133,165,110,140,149,106,177,130,542,97,328,186,263,268,183,202,929,240,189,279,207,256,86,84,110,84,103,130,85,121,104,242,196,108
109,148,465,108,93,81,203,124,113,169,187,147,72,101,78,87,63,73,57,188,45,84,56,261,120,196,210,177,120,108,140,95,183,60,78,96,386,143,95,64,58,95,69,62,499,69,102,173,178,59,28,92,103,142,146,119,89,181,543,151,170,85,205,168,97,46,68,63,79,60,335,51,71,89,47,60,24,73,69,52,71,51,70,65,90,45,68,88,89,133,73,66,93,95,114,72,86,94,69,91,94,82,80,124,83,170,97,70,66,190,111,63,182,80,125,60,93,66,101,71,71,49,66,68,80,96,79
154,139,114,113,89,124,75,99,91,108,70,117,63,56,59,74,98,62,61,63,89,70,77,75,89,56,99,141,181,203,176,92,79,165,73,79,114,129,268,94,163,111,126,150,76,103,214,80,72,86,101,118,100,111,95,113,115,103,165,107,61,130,74,168,142,104,111,110,68,83,82,66,116,74,75,94,92,86,61,104,71,81,79,66,57,85,79,82,85,57,62,75,81,75,92,107,114,85,89,79,90,71,162,61,163,129,144,155,93,74,61,137,78,82,108,97,173,94,69,72,72,91,76,96,58,75,73,133,101,31
372,380,314,295,367,212,203,317,242,304,243,311,339,218,145,251,221,157,197,225,214,144,230,185,346,47,443,296,500,306,238,363,417,530,335,376,262,482,403,173,250,309,488,349,273,257,472,201,195,555,326,410,250,254,285,568,386,234,595,374,322,324,305,623,97,237,148,161,151,184,165,145,177,155,161,206,174,152,210,204,155,229,136,172,149,247,188,148,224,166,46,249,193,226,211,264,195,216,199,177,183,198,172,54,283,498,375,578,380,300,314,1012,262,417,703,408,543,181,179,176,210,151,181,138,132,161,358,128,159,267
404,492,509,573,396,578,458,496,390,476,454,853,514,385,204,374,246,195,294,260,304,245,264,258,429,737,325,625,459,408,551,318,599,433,448,454,667,539,299,377,507,409,330,478,356,404,358,551,403,405,860,432,389,425,402,472,714,597,451,566,407,640,385,202,231,241,261,229,198,199,216,230,1163,209,84,213,214,237,294,204,226,222,279,174,197,301,219,417,311,357,330,475,321,374,313,289,267,315,168,316,436,416,524,382,345,394,545,349,321,462,365,434,283,185,186,259,269,279,256,177,215,275,179,180,274
295,382,327,620,310,317,299,302,298,209,340,351,214,167,212,146,204,170,233,225,117,170,173,257,464,254,457,303,275,410,274,542,330,374,558,373,1002,269,243,402,228,187,441,459,195,301,248,295,429,270,290,255,272,277,571,309,315,418,245,495,342,166,198,197,264,179,226,201,213,175,162,193,150,161,137,173,151,153,146,235,128,193,181,153,251,204,222,216,355,218,240,240,166,178,256,203,313,398,309,502,368,266,341,364,296,329,771,274,246,126,138,153,157,144,133,132,147,151,138,128
438,647,643,433,428,449,672,721,462,399,548,620,363,401,312,222,440,360,508,236,205,283,225,379,807,599,743,494,544,453,753,677,414,432,681,547,354,340,400,420,361,281,423,377,273,426,516,332,453,570,763,406,491,623,915,470,605,503,411,668,491,414,329,348,525,404,278,389,438,289,265,298,350,229,346,226,322,287,336,347,316,283,441,327,252,421,336,297,635,454,333,348,292,387,302,402,922,526,359,652,510,383,711,560,468,514,702,403,306,208,542,657,237,279,553,208,244,273,345,206
73,122,299,199,106,122,163,102,127,227,108,96,43,38,66,53,72,61,53,57,50,61,56,73,60,100,139,72,186,107,54,196,113,75,45,111,82,101,101,75,45,115,306,62,127,91,45,160,79,184,106,146,111,85,108,174,233,148,122,153,75,69,72,59,125,58,98,70,101,79,67,85,57,84,42,61,40,61,45,75,370,57,54,45,67,66,69,70,118,42,140,96,97,54,73,43,121,151,129,183,79,81,119,90,108,98,109,160,99,58,47,49,85,68,53,50,63,54,56,56
119,115,101,110,111,133,198,63,235,140,85,188,63,96,72,77,101,100,50,91,76,74,64,84,90,153,159,104,339,113,105,177,156,139,64,101,57,100,103,93,87,144,121,95,216,78,46,87,123,282,108,106,185,113,78,149,151,144,86,165,123,102,111,97,255,71,115,81,103,79,75,72,81,243,59,81,57,72,71,100,82,86,62,69,105,73,113,76,67,57,75,84,87,53,74,58,119,139,277,158,255,275,98,185,110,105,72,76,107,64,63,52,106,70,56,71,75,73,47,68
