135,143,130,130,134,138,128,135,129,129,132,133,128,163,209,153,151,142,133,141,131,135,169,133,142,139,257,141,251,252,134,132,131,128,132,130,143,143,131,144,128,126,132,129,130,132,139,137,321,131,131,136,281,252,140,150,142,182,135,155,153,645,141,135,125,210,142,135,143,140,271,134,215,298,134,210,134,213,331,261,258,344,263,143,136,154,146,637,143,137,121,282,179,176,397,183,139,134,243,138,136,238,135,240,181,179,135,144,141,166,131,139,135,136,130,128,121,147,127,126,139,132,163,129,136,159,316,141,138,120
47,95,46,74,93,46,45,79,46,46,76,67,53,48,46,46,146,50,46,46,61,46,57,50,47,30,57,47,47,59,51,58,45,51,56,45,47,50,43,55,46,52,61,51,56,45,54,76,60,56,46,33,179,84,74,51,54,46,48,57,68,50,64,53,73,50,295,201,208,66,45,208,71,175,47,126,77,187,48,157,54,57,50,55,69,50,100,53,107,90,83,60,77,84,87,46,89,173,48,165,56,94,111,137,153,53,47,108,46,49,49,48,56,51,48,52,57,51,46,168,52,82,49,46
482,471,411,558,486,485,435,479,513,521,445,476,468,683,889,913,932,1007,756,765,583,429,508,925,603,442,473,600,734,501,780,643,425,505,630,761,565,527,540,482,751,1143,567,488,682,547,422,633,604,770,1080,1088,885,896,1163,507,503,804,520,486,708,744,1177,768,580,740,1317,745,716,671,420,974,492,804,988,909,1141,1041,1110,726,719,493,441,916,709,869,1178,650,1092,867,585,586,520,616,430,1170,777,547,517,829,553,629,1019,695,890,747,411,795,449,756,1165,505,411,421,581,705,693,527,407,777,891
417,345,284,395,555,357,278,290,368,331,311,330,34,344,385,581,291,370,378,299,358,297,282,338,337,464,319,425,298,698,502,537,394,449,332,391,729,397,450,335,333,350,342,425,338,282,287,288,405,369,592,465,579,752,301,339,384,478,376,303,303,347,724,407,895,305,461,634,555,460,290,443,312,358,587,421,301,410,341,574,436,360,369,448,356,712,822,445,440,571,973,549,359,333,291,378,387,698,512,643,395,638,370,430,378,285,283,324,292,407,334,471,301,298,378,515,348,272,285,618,342
190,193,139,182,177,186,120,124,171,171,460,180,409,369,244,137,411,205,339,184,144,171,157,128,113,132,241,117,139,225,162,108,282,310,199,187,166,187,161,161,138,178,183,179,154,108,124,166,232,225,156,221,127,104,176,177,189,195,134,129,139,164,179,198,287,259,250,178,191,185,175,113,189,218,118,130,184,154,173,184,178,122,271,128,222,186,185,143,178,173,202,207,169,130,207,118,205,222,268,121,178,202,235,157,130,126,163,141,201,117,187,113,130,302,179,203,105,128,269,163
124,140,149,129,117,157,148,114,112,121,113,140,134,148,212,141,145,150,112,130,108,110,116,114,106,171,217,109,123,180,112,114,117,116,163,138,165,237,115,116,106,127,139,128,109,106,115,123,154,265,116,226,137,109,136,143,156,153,137,112,210,152,402,161,197,172,199,126,151,159,129,148,157,216,134,135,168,108,134,193,213,152,226,160,212,209,253,132,199,239,128,198,178,155,179,129,123,280,243,110,119,161,207,116,114,110,109,114,163,105,146,110,124,261,137,134,109,110,249,122
450,468,439,467,385,543,892,447,378,643,347,419,455,662,1116,425,691,606,342,455,388,389,459,339,336,431,912,342,428,754,384,633,414,365,779,493,407,447,370,407,316,469,467,517,335,353,546,439,665,918,419,857,589,561,649,394,494,507,344,315,479,430,428,492,459,624,1016,416,438,427,526,581,709,807,898,562,734,425,537,344,396,436,806,372,518,536,926,678,734,827,719,588,406,474,527,389,579,835,812,417,510,572,708,370,322,321,372,322,598,722,515,322,335,870,475,492,368,338,957,410
574,618,451,519,552,563,414,431,498,536,445,614,708,843,1376,735,741,987,549,613,503,455,500,507,442,460,952,450,481,931,521,736,703,500,775,679,526,948,464,545,432,617,1005,704,435,503,454,748,1364,905,755,792,614,611,520,522,619,824,476,439,967,726,540,650,594,1011,992,608,506,468,735,590,674,774,465,574,635,536,650,464,792,868,1111,816,1171,1004,815,665,851,883,566,611,508,600,896,478,880,860,1065,628,769,672,906,486,429,450,475,447,786,435,653,419,442,918,698,616,417,570,1180,522
425,435,295,393,338,458,376,302,326,367,357,384,353,380,700,449,535,858,311,546,348,320,467,361,307,306,655,581,326,664,344,443,323,382,569,515,371,402,480,372,322,402,434,426,278,343,318,378,496,689,572,592,553,946,414,371,467,498,332,296,320,801,794,527,420,926,732,356,368,324,576,436,637,459,554,422,458,435,503,320,355,329,724,307,464,535,619,697,498,806,453,789,429,323,639,586,403,645,1047,419,465,656,666,359,296,301,393,303,597,308,544,390,322,529,468,446,300,326,659,370
674,650,826,548,789,1116,496,905,584,643,1115,635,1209,795,1462,754,3108,2612,563,1313,722,535,807,664,788,640,1182,522,1290,1902,620,1124,912,806,862,1190,663,706,527,591,895,1097,707,961,501,853,476,607,1221,1559,707,1418,2024,1978,555,585,772,1117,633,468,540,1371,966,1260,1283,1224,1171,925,676,499,1404,863,672,759,507,623,1061,1953,1003,841,1056,994,1567,545,859,1031,1010,860,1605,1514,1305,1190,996,608,1238,860,863,1070,1455,1161,2002,1361,1173,520,1093,475,1470,741,1106,866,1282,502,825,2261,648,691,445,517,1369,844
172,277,93,137,130,133,195,120,202,204,130,136,208,163,223,261,135,177,151,113,92,123,307,266,99,122,217,126,96,163,276,149,163,92,571,118,134,140,136,219,202,152,176,117,345,89,119,149,115,190,155,172,96,97,142,153,162,127,171,170,135,212,153,121,233,238,293,110,188,215,146,179,150,163,127,130,157,104,146,101,103,134,252,146,164,109,164,240,186,105,129,110,99,131,176,154,134,174,146,98,108,277,276,360,105,154,91,94,187,123,123,164,160,213,211,182,159,156,261,102
159,171,96,149,489,147,212,158,151,156,158,155,112,153,236,144,98,95,137,105,101,140,95,139,97,147,234,135,94,107,159,100,94,100,188,95,193,172,160,153,132,96,180,117,194,97,136,164,101,146,211,142,311,176,104,174,146,202,117,187,52,122,155,169,343,106,133,245,238,97,166,181,149,110,115,163,189,146,142,243,105,168,101,167,220,289,98,231,145,164,181,221,158,116,102,111,140,223,190,14,100,150,173,133,100,98,107,241,152,90,146,122,23,131,201,145,98,147,136,185,186,186,138,135,316,91
