47,30,28,29,27,29,31,28,29,30,28,30,42,33,28,29,28,29,29,28,38,27,31,33,30,34,28,30,35,35,29,29,30,32,29,31,37,32,29,31,30,30,32,39,31,29,31,31,35,67,29,30,33,31,30,30,31,29,29,29,52,30,29,29,30,29,29,29,31,56,29,28,89,33,33,41,30,29,33,34,33,29,38,34,33,37,30,29,32,29,33,30,38,30,29,31,71,35,31,31,33,29,37,40,74,29,32,37,48,36,27,29,36,29,27,33,32,29,28,29
14,16,16,17,16,15,18,16,15,16,16,15,14,16,14,15,15,14,14,14,22,19,15,14,19,13,13,14,14,57,19,15,19,19,17,14,20,15,16,15,16,20,14,15,19,12,16,19,28,18,18,15,16,15,17,14,34,141,13,15,80,100,15,17,21,15,103,107,16,105,14,54,26,18,15,15,15,19,16,14,19,15,19,17,16,15,14,15,17,17,15,15,17,18,13,14,18,16,14,19,16,16,15,17,22,22,16,19,15,20,14,16,15,15,18,15,15,13,16,16
385,154,203,161,279,170,184,344,177,179,173,263,252,168,333,249,210,167,320,465,207,284,183,406,161,155,167,558,174,530,165,244,172,224,206,244,185,160,171,223,209,236,182,188,314,195,172,196,259,170,176,182,170,157,188,222,167,505,193,203,270,171,174,245,379,148,173,530,280,160,285,307,166,169,165,170,196,166,201,181,432,204,179,203,259,157,164,170,167,241,184,226,334,184,194,184,173,183,154,270,271,211,229,306,193,290,227,170,326,159,173,192,191,287,163,232,284,169,166,167
63,55,73,258,52,81,62,441,60,51,75,345,58,58,71,284,59,66,58,94,58,55,79,351,49,50,57,62,60,249,58,211,53,90,85,211,102,53,51,60,63,70,61,169,58,58,107,102,95,53,94,97,48,89,69,374,75,71,262,158,65,82,64,70,65,78,77,98,61,253,64,164,53,52,48,100,68,179,58,134,54,60,81,156,61,52,49,62,46,325,76,317,58,64,70,372,59,91,51,49,52,47,73,96,52,304,72,70,51,48,50,151,44,70,53,109,45,63,61,231
43,30,50,30,32,44,39,49,46,48,53,43,39,43,52,40,37,28,40,31,41,42,41,29,31,30,45,45,39,40,43,33,41,159,63,30,41,30,29,42,41,269,43,73,51,41,35,47,95,32,30,57,83,42,58,57,152,137,57,162,41,41,53,31,50,35,55,46,41,38,42,42,34,28,41,29,46,42,50,42,34,56,49,52,31,32,31,41,32,47,55,49,46,64,43,39,34,32,44,43,34,38,53,77,39,58,31,41,31,30,31,42,30,31,30,58,37,369,29,28
56,48,57,52,57,48,52,48,54,70,55,117,102,52,60,56,56,66,46,95,82,118,57,214,54,56,53,45,48,59,68,59,48,66,57,57,201,60,58,56,86,61,56,61,64,111,64,54,46,53,49,61,63,52,166,67,57,56,52,58,52,61,69,46,51,48,49,52,48,75,51,56,50,52,56,57,53,41,64,64,52,53,60,62,52,50,49,47,50,51,77,49,45,51,49,53,74,65,75,75,87,88,91,146,137,97,79,114,51,51,50,49,52,51,55,55,56,50,48,56
113,91,158,103,106,100,98,121,108,112,114,117,98,95,144,90,93,144,173,97,89,106,102,95,93,115,92,98,110,102,115,97,96,100,149,91,194,95,91,103,107,96,137,241,99,127,105,114,165,97,101,124,89,148,104,95,86,102,154,335,106,131,95,91,119,413,146,111,91,99,103,108,97,97,93,91,105,109,131,103,87,155,137,107,94,93,95,114,97,106,150,104,114,110,106,99,108,95,92,111,95,89,170,124,113,101,106,96,86,82,85,104,95,85,91,96,87,116,92,102
125,748,180,148,125,195,144,149,141,133,141,139,130,131,178,143,113,123,126,133,177,139,138,111,137,235,116,151,131,163,134,133,117,118,183,126,179,147,142,145,174,126,145,148,139,428,163,138,136,169,124,189,141,144,135,133,124,174,224,203,162,743,144,176,134,308,185,151,144,135,134,151,134,117,129,139,155,127,133,134,117,145,140,144,136,136,122,151,130,140,201,144,134,141,165,133,150,540,120,156,135,139,197,164,160,135,149,136,137,468,127,123,123,260,131,123,121,138,124,141
100,80,119,110,83,105,91,109,106,95,114,102,90,92,144,190,94,87,92,92,107,96,97,94,169,348,98,128,91,103,100,92,83,87,149,104,93,100,83,100,85,82,104,93,85,92,87,93,119,86,85,117,99,96,122,142,198,104,144,436,97,168,91,91,87,103,92,112,98,117,100,94,83,139,86,100,122,100,103,91,115,101,90,95,97,84,92,93,186,104,125,98,85,89,104,127,91,125,92,125,91,91,132,110,95,86,95,91,85,82,85,90,92,90,77,84,72,98,92,200
208,273,205,133,207,240,225,229,209,198,170,336,225,135,204,148,129,136,153,125,213,154,217,239,132,135,197,213,139,150,147,155,200,203,210,206,208,331,135,145,160,204,168,144,203,125,195,258,402,225,137,289,153,157,167,207,150,138,491,253,119,400,188,169,139,316,220,139,153,161,210,151,247,187,195,193,133,266,141,200,199,135,228,227,142,129,146,139,222,195,215,214,217,138,142,166,154,241,363,128,370,204,153,188,137,162,141,133,283,212,197,130,135,130,124,124,161,216,138,123,197
30,26,25,44,37,27,30,30,30,28,27,40,20,57,26,41,72,41,37,38,60,37,25,42,29,7,42,35,43,28,30,43,37,37,39,28,26,48,25,28,36,37,38,38,36,35,36,29,36,26,37,52,29,56,29,58,54,37,41,35,34,35,49,74,59,68,69,75,40,42,30,49,38,43,28,53,37,27,27,27,36,30,42,28,26,34,29,31,36,36,37,37,297,38,43,30,73,28,48,40,42,17,27,27,36,38,43,26,45,58,37,35,65,35,28,27,31,25,35,42,34,39,38,74,22,40,44,5
49,39,37,57,42,39,35,143,36,41,39,51,51,54,32,52,102,46,51,64,230,55,34,45,35,50,50,48,47,34,31,58,48,45,43,31,36,56,36,31,30,47,67,50,49,38,48,45,30,48,34,17,44,71,54,52,47,139,69,56,51,79,99,67,50,51,44,44,49,52,48,38,50,51,57,62,56,47,43,32,39,37,55,37,49,39,36,43,38,43,20,52,44,40,45,48,30,36,69,39,46,53,51,43,40,40,50,48,42,75,79,82,101,48,59,88,64,36,33,32,50,56,41,50,116,53,36,62,49,35
