788,815,1137,1483,1998,929,1446,1072,941,1010,1069,703,1038,1805,677,514,1030,1481,711,1814,1786,2254,617,688,632,938,848,1202,1988,813,590,2126,2125,1396,709,504,1510,1616,1485,2561,2249,421,2895,1046,2291,1802,760,1616,1259,855,742,408,688,474,738,929,1601,803,890,792,763,1387,2028,1725,1919,1464,1003,1241,2198,679,1827,1146,2456,491,499,1587,845,2411,390,7580,1372,1589,2485,1468,3749,3185,1586,465,868,768,2766,1752,543,493,1278,766,2804,932,546,1350,471,1771,1228,381,1053,480,1037,1179,1935
439,176,879,504,985,1422,1171,1883,609,1560,1169,149,853,492,413,218,718,695,532,626,843,108,137,167,515,173,998,277,176,565,283,1153,351,783,481,1427,3467,1044,415,440,1549,584,1260,742,156,144,234,851,1172,893,92,1897,3735,1068,1626,294,275,271,311,191,350,397,542,228,1697,131,139,238,518,991,1124,277,214,1017,160,283,106,731,1907,2498,874,469,1641,1484,298,1566,2006,1545,93,138,2197,2645,274,1006,838,249,959,751,649,1115,293,1061,766,300,2223,274,211,2445,115
3089,1947,2645,2677,2034,2609,2863,3654,3279,3230,2883,3766,3129,1495,3774,4333,1209,1081,1578,905,2320,3158,3205,2040,2812,4579,2562,1600,2579,1535,1742,4466,2842,4442,4115,5032,3372,3489,6832,6307,3408,6289,3607,1144,3938,4838,2398,5550,4261,2318,1715,1790,2682,3656,1543,3922,3087,1544,2910,5169,2565,2564,2539,2004,5994,2665,3217,3309,4480,2372,2627,793,1442,2982,4157,3822,2901,7076,4741,4334,5040,6765,4628,3835,3821,5793,2544,2088,4409,4600,2643,4770,1473,3327,7094,6511,4929,2044,3158,3004,3815,2693,2100,1572,1621,1876,1296,1139
1584,1954,1574,1105,2067,1143,1323,1464,696,1535,1367,2208,1310,1288,2412,1529,1264,2001,1203,1976,1396,1028,1728,2297,2131,1451,1579,2023,1134,1729,1660,1893,887,3384,4124,4669,1733,5405,1185,2566,3732,2468,2138,3645,823,1728,2350,3493,3371,1471,3703,1595,1979,1688,1373,830,3470,3947,2585,1446,2629,2855,3609,3056,839,1744,1906,920,2282,3039,1755,2609,1579,1858,1533,1512,4173,5380,1473,2153,1014,1163,731,3268,2535,1136,2619,1397,1513,4788,1722,1635,2616,3752,1615,2077,2525,1244,882,2135,1625,826,2137,1924,2759,4043,1599
1026,1117,1937,962,1472,1184,494,1255,501,1347,1158,937,1624,1650,1661,734,434,288,2318,2508,2316,628,1726,590,967,2408,715,596,554,1345,1578,1333,1210,1509,1346,2204,1293,2591,1036,1995,1467,2603,2535,2907,815,2931,847,1945,672,1132,1371,2563,1814,473,1788,398,545,1253,841,2017,2499,2119,4539,1930,898,1491,1757,1135,1716,763,1449,1001,1238,588,509,908,1070,2938,993,1627,1472,589,572,643,1437,1075,1467,1810,1459,2399,945,670,1273,3136,1048,560,2446,1474,881,1434,304,1911,1548,1218,903,853
615,249,303,1149,633,600,301,599,514,664,289,599,636,926,1138,1422,168,178,577,877,1681,507,3090,242,629,500,454,926,580,1875,563,1138,381,4173,760,3396,604,548,833,500,341,653,865,1061,1339,449,2320,727,546,1099,628,1243,821,478,701,959,690,600,735,1440,1048,332,670,1290,349,780,274,4183,2103,1213,1704,1111,2508,258,1503,409,1411,521,224,380,512,419,196,546,1982,347,1172,599,549,2028,813,1929,450,481,609,533,2662,2498,1230,508,1158,975,554,629,1111
2269,3428,3028,3747,3617,2049,1157,1788,1544,2018,1362,6348,1973,2631,2374,2477,2541,1018,4840,2175,3444,2260,3089,2422,4129,3969,3734,3884,2271,4560,5295,1472,1903,2208,2922,3529,2650,2956,3481,4493,3449,5625,2503,9113,2565,4548,3136,5626,3381,1875,5811,3353,7237,8742,5393,6435,6560,6772,3946,4583,6323,5292,2373,3791,1728,6005,3995,5917,2039,4246,3440,6261,5816,3309,4208,3212,2407,2411,903,3569,1619,2758,1559,444,4745,5829,4422,3085,6656,2612,4414,2357,7172,2972,3746,2095,4140,2393,2842,4236,3525,5458,7475,7255,409
3103,2135,2855,2721,5050,1743,2805,2093,2194,4943,1933,7731,4537,4907,4678,3303,3262,2550,3750,5126,5285,1493,5682,3922,3424,4227,3701,3455,1648,3820,6100,2773,1625,5984,3451,3118,3821,4560,3234,3999,2358,3347,2041,1155,5644,3586,9196,3359,6644,4224,3893,2410,10806,5696,4270,2870,3923,2403,4383,3870,5680,7111,4653,2074,4996,3605,6472,2798,3789,2786,3723,7616,4307,2800,2158,2522,3320,2038,3408,2200,1048,2580,2661,2361,2414,5296,2755,9946,3008,6080,3207,4290,5355,5074,1835,3323,2833,3010,3559,3651,3531,3787,2850,5011,4679
2927,2053,2370,2869,5732,2209,2121,3738,1199,3319,1382,5153,2571,4328,2730,5916,3638,3003,5364,4907,2912,4090,3776,2155,2877,3317,3503,4327,6026,2337,2108,695,1109,1896,2864,3016,2420,2209,3216,3505,1969,4389,2793,2516,3610,1847,3860,4417,2220,4606,3081,3987,2094,7075,2738,3695,4753,1845,2875,3922,2150,3335,2927,5158,2103,2974,3530,5371,3022,3108,5055,4317,3955,1381,2051,1582,2693,3542,763,931,2260,2082,1936,1696,6531,2891,2068,2978,3224,3090,2176,1911,5096,3169,4944,2062,5303,5532,3418,2330,2390,3182,4066,3897
6501,4367,6480,6487,5982,3334,4475,5899,5733,6549,1517,7389,6404,4816,3846,4744,3367,6818,7081,7929,5493,5549,3642,4522,6639,4743,3863,4321,7697,5419,5504,3258,3499,3438,2744,2717,2803,2666,2839,2633,2253,1684,5166,4663,5263,4020,5830,3524,4269,3277,4756,2944,6170,3785,3901,3380,6465,3826,4664,6470,4388,4523,6669,5606,5775,5144,5839,3907,6846,5433,2906,2568,3867,3955,4453,4624,6287,1774,4141,3918,5824,3735,1586,4169,3963,5270,3034,5688,3975,5414,3826,4135,2938,2259,6333,4083,5750,5191,10306,4115,7648,6769,4676,3012
1954,1254,1257,967,2167,1831,2076,2171,766,2963,1592,1792,1284,1122,1626,602,3191,1779,1041,1084,1454,1014,1090,1894,1337,1831,3123,2681,1699,2718,252,439,778,2140,2498,836,1068,607,654,1270,2122,963,778,2240,1189,602,1602,1664,1836,2147,1314,483,844,618,986,1001,1023,1417,649,587,417,1408,581,2453,2075,1405,702,1262,1080,1936,886,660,448,657,3634,2140,677,1159,3303,1432,2850,544,672,1336,1322,340,1342,954,530,1090,755,856,3040,2194,1798,1383,755,1392,2253,719,834,1379
5172,655,1484,4237,1895,2855,620,3134,1734,1322,2774,418,1753,2636,2934,1353,2498,2834,1049,2636,1683,2350,696,1589,1412,887,1035,1385,596,2175,2204,1548,637,386,1679,1846,1197,785,1251,747,335,483,1669,514,2571,1222,928,845,575,2169,1131,1962,473,1865,1100,3493,861,1479,1308,331,1077,1118,504,285,1535,1755,1514,944,1190,2275,1359,1155,2245,1286,876,3030,409,2296,1241,1424,952,5473,1241,1663,2071,651,511,985,530,602,665,655,1631,811,761,478,4523,668,1503,3193,2699,2743,1710,533,3068,1470
